157.59,69.587
178.84,85.836
141.49,59.495
187.88,92.88
131.12,50.115
138.16,59.16
182.71,79.706
164.3,73.297
160.94,70.944
140.74,57.742
155.5,67.502
184.59,91.594
148.72,59.717
195.77,99.765
145.06,56.056
146.51,55.507
199.95,79.947
169.07,77.065
162.28,75.283
133.44,52.436
157.6,69.733
181.9,85.857
141.93,62.91
190.34,96.112
132.83,52.004
139.66,62.999
188.58,86.737
164.25,72.604
160.51,67.226
142.49,55.932
157.81,72.052
184.13,86.948
157.81,67.013
190.29,93.547
142.31,49.65
155.06,65.708
205.56,86.011
175.76,81.515
159.76,72.723
133.82,49.689
160.63,74.148
182.94,90.472
142.96,60.838
194.95,101.23
130.57,49.635
139.67,61.396
187.23,85.233
164.86,72.993
163.48,72.602
132.65,47.378
156,67.72
178.54,85.563
151.8,64.735
195.9,103.6
148.05,58.395
153.46,61.113
207.15,87.842
173.42,79.118
160.89,73.677
131.28,47.368
156.14,70.204
179.01,82.05
139.48,60.001
198.33,102.46
132.35,50.276
140.07,62.724
179.54,79.687
168.52,78.357
164.73,74.214
138.14,49.04
161.34,74.051
182.57,83.799
150.95,61.702
196.92,98.214
140.22,49.284
145.84,58.01
204.65,87.955
170.16,73.467
164.65,77.595
136.95,51.809
158.6,67.879
182.33,87.478
149.45,67.025
189.48,95.85
135.14,54.743
141.96,63.749
187.93,84.096
168.91,77.251
157.33,66.467
138.01,56.92
155.37,67.19
184.58,94.082
157.17,68.867
192.98,95.983
146.04,56.05
152.84,60.633
202.25,83.388
173.62,80.214
163.22,77.397
139.71,58.763
159.23,70.279
180.2,86.02
134.78,58.737
193.12,98.942
133.62,52.111
137.99,61.871
187.15,86.311
169.57,78.735
160.72,69.176
137.91,50.832
153.79,67.9
183.03,84.622
151.5,59.796
191.62,94.93
149.03,54.841
147.44,57.901
199.91,81.082
175.11,76.484
160.91,73.638
132.66,50.359
157.26,70.005
182.12,91.433
145.52,64.872
192.39,96.114
132,49.583
138.55,58.4
182.62,81.798
166.59,77.192
156.54,65.936
142.34,56.319
155.1,67.415
178.54,87.87
152.22,66.834
189.67,97.463
141.19,50.764
155.36,62.326
204.2,87.042
169.71,72.962
161.23,76.722
137.03,52.589
155.17,71.592
182.29,83.208
137.94,58.718
189.17,93.354
135.92,53.716
136.75,56.697
180.49,82.219
170.01,77.375
161.73,70.623
137.3,48.919
158.02,71.253
182.6,85.128
154.74,66.806
196.4,97.023
146.53,55.803
146.31,56.712
207.76,88.215
174,77.761
158.17,71.317
135.76,49.938
160.1,69.371
178.01,83.154
143.22,60.793
188.6,94.964
133.98,53.587
142.57,64.362
190.97,87.137
172.18,80.518
157.16,66.299
130.9,49.81
162.81,74.635
179.36,88.867
152.46,64.158
199.56,102.57
140.08,50.085
148.8,56.592
202.6,83.739
174.85,81.444
163.32,77.501
131.99,51.041
161.41,72.457
180.66,86.482
141.89,65.85
191.9,97.724
131.29,49.785
138.88,62.756
185.59,84.747
171.98,81.139
163.02,71.476
136.94,49.865
154.28,68.389
189.79,91.382
156.1,64.393
189.29,92.598
144.9,50.713
155.12,65.571
202.19,83.364
173.59,74.968
157.45,70.182
133.01,50.71
155.29,68.039
179.25,88.561
140.27,59.615
195.33,99.055
137.7,55.292
138.06,57.913
185.32,84.491
169.96,80.556
158.61,68.005
142.4,56.379
152.01,64.327
181.38,90.706
148.48,63.099
189.4,97.189
144.58,54.157
156.52,63.488
203.75,86.59
176.31,79.568
155.18,70.669
138.41,53.97
151.62,68.043
179.87,80.79
135.66,56.438
195.43,99.608
140.86,58.659
143.8,63.747
184.36,86.09
169.41,76.775
158.76,67.652
139.43,51.045
154.54,67.773
190.46,92.987
150.75,62.812
195.74,96.363
140.45,49.721
150.04,60.438
201.4,81.856
173.81,77.569
162.9,76.053
140.46,54.644
161.39,71.193
180.77,84.847
147.27,65.825
194.78,96.691
129.41,47.552
137.79,58.583
181.44,81.359
165.47,75.053
154.93,63.228
132.3,51.143
156.45,68.72
184.68,93.697
152.7,62.075
193.65,95.562
142.18,53.499
149.83,57.561
205.01,86.464
171.19,79.941
152.43,67.207
134.02,55.199
155.71,68.667
178.62,83.223
136.88,58.471
197.14,101.89
134.73,54.052
135.14,59.801
188.71,86.207
166.33,73.716
162.75,67.597
140.96,53.601
155.02,67.92
189.65,92.194
156.22,66.557
195.78,97.733
146.24,56.844
151.59,62.201
198.4,81.093
173.47,79.09
163.84,76.332
139.61,55.624
156.39,70.511
174.3,81.87
145.65,65.392
191.34,98.858
134.8,53.127
144.9,66.875
186.18,84.75
164.66,73.673
159.4,72.072
139.03,51.008
152.54,65.91
179.15,88.843
148.67,61.91
192.21,103.08
143.85,54.368
147.88,54.858
211.22,87.531
171.34,75.565
154.29,70.287
134.83,50.789
150.35,66.224
181.08,83.795
139.78,60.281
192.83,94.566
139.71,57.15
146.11,66.375
178.18,79.325
169.06,78.554
159.57,67.239
143.54,54.348
157.64,68.785
183.73,83.968
152.87,65.267
197.06,100.28
147.89,55.497
145.92,59.579
199.86,83.247
173.94,77.231
163,76.513
137.65,54.588
160.75,70.972
176.23,82.908
142.39,58.508
193.48,100.66
133.11,53.635
141.41,62.381
185.04,81.43
167.25,77.562
155.21,64.784
131.47,51.865
160.73,75.059
186.09,95.694
152.57,64.314
194.04,97.713
144.7,52.985
152.48,61.417
206.93,89.165
169.82,76.286
157.26,74.156
135.5,55.55
160.83,70.374
183.08,88.211
136.02,60.941
188.85,94.669
127.14,45.359
137.09,58.677
181.68,81.123
171.68,80.017
156.11,66.022
141.75,53.349
162.31,77.042
186.47,88.966
153.74,61.245
189.77,94.451
146.68,53.218
155.08,64.806
205.57,88.408
176.8,75.673
161.52,72.238
141.64,57.469
155.83,67.322
176.43,84.082
142.65,61.76
191.16,96.184
135.56,51.995
137.15,57.004
189.36,88.19
165.08,75.961
160.45,68.674
137.54,50.663
159.21,68.863
175.34,84.495
145.39,61.63
196.89,107.91
140.26,49.248
152.25,56.766
203.48,86.78
169.6,73.772
157.99,73.565
139.64,55.152
154.07,73.011
186.45,85.19
137.31,57.538
191.94,94.862
134.5,51.048
142.88,63.036
178.76,78.814
164.87,71.213
160.58,68.451
136.48,49.443
153.3,66.656
184.07,86.434
150.13,62.64
198.33,99.014
142.6,56.569
146.46,59.254
198.91,81.972
174.54,77.95
160.52,70.909
133.91,48.041
163.5,71.21
181.69,85.727
139.11,58.283
194.79,100.21
131.95,51.415
138.34,58.2
181.94,77.978
174.44,81.549
161.4,70.012
136.28,54.913
153.04,65.003
177.99,90.843
150.13,62.601
191.69,93.948
144.78,53.669
148.67,56.199
201.98,84.062
174.3,80.404
153.13,68.811
132.01,49.188
154.73,68.321
182.89,87.029
138.65,64.733
189.57,94.964
135.92,55.776
142.09,67.379
181.93,82.237
173.99,81.633
161.24,67.226
137.49,49.015
160.55,73.619
185.82,86.655
152.06,59.138
198.71,101.53
142.23,46.111
151.97,62.794
206.95,89.557
177.35,77.872
160.32,74.732
135.05,52.487
157.2,70.184
182.1,92.072
141.6,61.425
192.37,94.77
134.45,51.322
139.12,58.653
182.69,80.64
169.72,79.351
158.95,69.155
137.64,50.327
159.38,72.134
178.97,86.814
150.16,63.877
194.37,98.839
140.75,47.511
150.03,56.18
199.31,81.878
167.14,71.926
162.73,76.987
133.63,50.274
157.41,73.341
182.89,82.662
137.37,56.397
193.47,96.884
136.87,53.214
137.65,57.19
186.54,89.026
174.07,79.045
158.68,68.038
142.93,54.776
152.98,68.815
188.48,94.15
152.07,64.69
199.22,99.016
140.59,51.277
156.01,65.273
204.85,84.454
176.71,80.605
166.03,76.017
140.91,51.912
155.23,67.351
175.18,80.336
139.4,56.342
195.38,100.08
133.62,51.192
140.81,62.132
183.81,82.722
173.01,80.615
157.1,67.807
137.14,56.041
153.08,66.59
181.29,89.267
149.53,61.946
192.4,96.567
141.92,54.592
147.66,58.403
201.96,81.369
173.99,82.415
162.22,74.057
133.46,51.295
161.6,74.452
182.96,87.893
140.64,65.279
195.32,102.06
134.53,53.767
140.58,62.718
188.41,88.568
171.56,80.987
159.91,65.001
136.06,51.437
158.78,73.118
186.03,87.855
148.8,59.058
197.82,102.24
144.87,52.246
149.46,59.675
203.27,83.715
171.44,78.48
163.69,76.654
134.78,50.426
159.36,72.499
181.93,90.702
141.95,59.536
192.63,100.12
130.46,50.476
143.33,66.77
180.49,78.139
173.78,82.437
158.78,67.874
135.48,52.407
153.3,64.085
183.95,92.36
153.15,68.476
197.15,105.38
142.77,54.481
148.4,54.571
207.35,88.546
171.36,78.509
160.9,72.431
132.81,48.939
158.44,72.503
185.05,89.332
144.96,64.414
194.54,101.6
133.98,54.097
142.22,65.12
182.66,83.704
169.18,78.868
157.47,68.896
144.52,55.401
154.02,66.162
181.11,82.012
155.38,65.626
196.89,98.162
144.14,54.973
152.45,64.651
206.38,89.747
180.03,82.655
162.44,76.279
135.76,52.204
164.85,72.523
176.49,80.818
143.3,60.104
185.01,90.959
132.06,52.321
140.97,65.952
183.35,79.059
167.41,75.816
154.46,63.637
133.38,51.918
160.02,73.715
180.97,92.483
156.22,67.394
197.03,99.149
146.01,57.892
144.75,54.499
199.75,79.68
173.34,77.377
161.69,73.217
139.36,58.084
151.5,63.049
177.5,82.297
137.12,62.298
193.52,99.65
132.18,50.699
140.51,66.228
179.26,79.47
169.02,81.518
160.36,69.408
134.76,48.203
159.45,73.392
189.48,91.373
151.42,58.434
192.59,93.539
141.73,47.231
152.04,64.714
198.32,80.553
178.36,82.19
157.37,68.483
132.45,50.255
159.56,72.825
180.85,88.884
141.82,61.75
197.46,101.54
135.72,52.133
141.33,62.879
179.7,79.761
168.56,80.372
152.2,63.74
135.11,47.485
154.37,66.923
183.68,90.886
154.55,70.46
195.68,103.48
144.63,55.892
155.19,62.929
204.98,88.632
175.05,77.976
159.23,73.639
135.61,50.366
159.5,75.663
179.26,81.616
141.24,61.814
197.07,101.62
133.55,51.786
143.78,64.345
180.66,83.095
173.43,80.684
159.46,68.783
145.07,58.313
160.78,73.542
188.5,90.225
149.09,63.157
194.19,95.948
138.56,50.861
147.62,57.976
200.53,81.85
169.64,74.031
163.96,76.481
138.23,49.256
162.09,68.055
178.78,85.066
149.68,66.814
196.54,104.17
137.77,54.658
143.67,65.138
188.25,83.634
165.13,74.188
159.16,68.159
131.74,49.941
159.85,73.289
183.66,93.928
149.41,58.194
191.22,92.614
139.15,50.105
152.71,61.432
207.01,86.324
177.45,84.074
153.86,68.423
130.9,49.493
157.94,68.736
179.7,84.502
137.94,61.405
186.91,93.318
136.47,54.263
138.37,59.918
183.19,85.031
168.45,78.12
154.01,64.926
137.93,52.156
162.18,76.549
189.62,90.457
151.75,59.333
194.74,98.388
146.96,52.232
155.97,65.732
207.09,88.478
173.42,73.213
164.93,76.206
137.46,54.221
153.23,67.053
175.05,85.332
145.27,63.552
194.23,100.53
134.77,53.43
147.17,66.035
184.1,83.114
165.21,74.996
155.27,64.334
134.2,49.029
151.81,64.033
182.29,90.027
151.35,67
193.21,101.7
141.7,50.183
153.01,58.68
206.5,89.098
172.09,74.492
163.81,75.445
135.24,51.387
154.66,72.511
187.49,85.904
139.1,58.832
192.7,96.201
135.11,49.437
138.04,56.021
177.18,78.103
164.76,71.818
160.59,69.844
138.53,51.614
157.32,69.783
188.98,92.548
156.92,68.67
199.51,99.482
147.66,56.282
157.02,64.321
207.14,87.043
172.08,74.638
163.03,74.685
138.43,52.429
160.65,69.209
182.09,86.095
141.34,59.105
192.64,93.163
137.95,56.074
141.36,64.931
187.23,90.432
165.25,73.787
162.77,71.449
137.8,55.822
156.11,68.81
182.28,90.106
152.01,62.023
191.77,93.188
145.75,53.991
156.98,61.762
202.54,85.457
174.14,82.898
152.59,67.585
130.73,52.856
153.67,64.843
174.97,80.824
138.92,61.364
190.56,95.566
132.96,52.921
137.01,60.308
191.65,87.333
167.53,75.395
161.18,65.1
135.58,50.383
157.53,70.818
185.74,86.485
157.12,68.609
197.11,97.518
142.17,54.933
145.92,57.282
204.61,86.472
176.53,81.363
164.75,75.575
140.54,53.722
158.32,73.686
181.25,89.316
141.89,62.141
193.47,103.13
130.18,48.78
135.4,57.883
179.64,77.201
169.24,75.862
153.33,66.52
133.56,45.953
155.01,66.336
182.45,91.007
155.67,67.818
195.28,104.76
146.88,55.692
152.05,59.131
210.83,90.288
178.66,86.586
159.12,77.166
136.94,53.052
158.82,73.351
180.15,82.471
143.05,62.647
196.14,97.426
138.51,56.044
139.78,59.951
183.78,84.298
169.15,77.671
161.6,70.051
140.41,51.564
157.6,67.763
182.95,83.908
151.42,62.553
190.72,94.694
143.72,49.952
148.82,63.399
207.48,91.232
169.52,71.738
162.67,74.501
141.87,56.885
162.78,73.295
176.94,82.537
152.54,67.578
186.05,94.831
137.3,55.827
145.34,66.049
184.87,79.593
166.78,79.567
160.85,73.161
130.64,49.88
152.36,67.996
180.94,90.948
146.2,57.494
188.75,94.016
147.23,55.014
149.66,57.928
207.31,88.597
169.13,77.8
157.61,76.522
138.88,60.089
162.01,71.98
178.26,81.755
138.89,61.328
189.82,98.301
128.17,47.468
139.46,61.163
180.91,80.671
168.13,76.374
156.58,66.798
135.73,46.984
156.68,73.488
180.73,83.004
151.43,57.13
194.52,97.414
142.92,51.004
145.34,55.385
199.72,82.325
176.6,73.392
157.1,65.807
132.71,49.14
157.19,65.193
176.54,85.378
143.68,63.804
195.02,97.784
138.99,53.871
142.5,61.918
180.07,77.792
162.7,74.16
157.34,65.238
137.05,50.063
160.51,70.423
177.73,87.698
148.72,64.136
193.16,104.61
142.54,49.73
153.07,57.296
198.5,81.483
172.02,77.627
163.27,77.774
140.02,55.684
152.37,71.227
184.06,80.164
138.12,57.425
197.58,100.43
137.55,56.649
138.12,59.035
180.13,80.032
172.12,76.559
160.18,67.719
138.34,50.617
151.6,66.734
180.6,85.311
156.72,67.772
197.72,98.863
142.64,57.935
147.25,57.471
207.91,90.919
176.93,80.131
156.81,66.892
134.71,50.513
160.38,69.631
181.58,86.521
142.51,61.908
194.03,99.064
131.07,48.523
147.39,66.478
189.33,83.683
167.32,75.041
159.8,67.151
131.76,53.155
154.52,67.069
178.95,91.974
155.04,66.365
198.11,101.89
148.33,59.998
151.25,55.996
201.04,83.271
170.33,75.067
159.32,73.289
135.36,53.975
157.35,71.561
178.02,82.327
136.08,61.375
191.52,95.938
135.02,55.494
135.28,60.296
182.58,82.554
166.27,72.096
161.64,70.894
141.9,55.489
158.11,69.758
184.61,85.459
154.53,60.863
195.79,100.61
149.05,54.17
151.59,61.183
201.85,83.27
179.73,81.083
159.44,74.968
137.47,56.011
158.89,68.99
176.56,85.966
141.53,60.41
195.62,98.243
130.58,48.516
138.21,59.681
188.34,84.559
165.57,74.283
160.17,70.632
138.61,51.827
157.59,68.858
181.07,90.725
148.89,65.935
187.22,92.007
148.6,56.241
152.96,57.931
205.12,86.14
177.08,78.754
157.05,71.633
141.59,62.707
159.4,72.848
186.68,85.705
142.4,61.452
194.09,99.255
135.74,51.851
145.55,64.564
182.8,85.207
175.22,80.311
164.79,75.298
142.26,53.834
158.28,73.791
186.66,91.158
156.55,70.722
194.23,92.143
139.63,50.933
150.01,61.359
200.24,78.012
178.98,83.759
160.21,69.759
141.08,51.689
158.45,70.991
181.65,88.378
145.03,64.241
189.94,93.721
134.27,51.816
145.28,66.875
183.43,78.717
165.59,75.439
154.36,66.128
138.41,56.936
157.92,69.706
183.26,90.696
151.16,63.173
189.98,92.752
144.55,52.718
147.17,56.136
208.59,89.921
176.67,84.774
154.29,66.904
137.65,53.47
153.1,65.202
180.86,84.676
141.42,60.977
196.64,100.5
134.45,53.545
138.59,61.231
186.26,84.339
170.94,79.191
161.14,69.417
142.32,56.043
155.86,69.116
182.93,87.175
154.23,65.525
189.12,93.438
141.12,50.228
148.46,57.822
208.53,86.844
176.34,82.885
161.08,74.16
140.14,57.818
161.39,73.998
179.08,87.24
140.3,57.651
188.51,95.947
132.28,52.184
146.81,67.882
189.09,86.062
173.36,80.36
164.28,71.597
137.85,51.116
155.94,66.608
185.22,92.968
149.6,62.459
198.45,105.9
148.82,58.653
151.22,59.149
202.81,82.757
175.71,80.347
160.9,74.438
139.41,55.254
156.03,68.71
175.96,79.68
140.93,63.108
187.93,94.26
137.96,57.426
139.91,63.239
186.01,84.669
165.74,75.073
160.53,71.88
143.1,55.175
154.88,67.679
180.08,83.161
157.49,68.936
198.75,98.275
143.63,51.82
152.22,65.425
205.15,89.235
171.92,77.196
162.45,75.814
137.37,51.268
156.66,67.809
178.41,84.181
149.97,65.273
190.25,95.747
129.79,50.768
145.11,68.731
185.92,82.017
173.59,83.425
156.5,65.337
137.44,56.914
158.31,70.082
182.75,90.676
148.54,59.477
194.07,98.239
145.05,57.162
152.03,59.819
198.46,79.579
174.34,80.029
153.55,67.477
138.27,60.214
158.46,69.871
183.8,89.242
141.18,66.487
194.29,99.282
136.43,56.341
134.66,59.06
179.97,81.59
172.67,82.921
157.85,68.071
142.18,55.441
155.75,70.551
187.07,88.627
158.12,67.146
189.36,92.104
144.43,50.955
146.85,55.259
199.43,81.138
177.07,79.461
163.69,75.992
133.33,51.576
152.43,64.113
182.76,91.649
141.47,61.921
197.1,100.61
132.8,48.747
144.95,62.22
179.03,77.547
168.86,76.969
155.61,66.889
137.72,50.11
160.32,72.103
182.44,94.122
148.02,66.351
196.49,102.36
142.85,52.21
154.94,62.868
209.36,90.15
172.61,78.714
154.46,70.125
140.95,56.578
157.87,73.03
179.44,80.941
138.61,59.285
190.08,94.446
135.02,53.339
141.62,60.429
182.6,81.321
173.48,81.151
166.17,73.278
140.01,50.459
157.95,71.327
182.53,83.751
154.99,69.595
195.03,92.617
144.63,53.396
147.63,60.171
207.34,86.11
172.08,77.432
157.07,72.715
134.39,49.537
160.5,69.801
182.52,88.405
148.72,65.979
189.79,96.529
129.95,50.141
142.21,63.106
181.43,79.566
165.9,75.885
159.6,70.359
133.77,53.346
162.78,74.925
179.21,90.407
154.81,66.682
196.61,99.017
140.8,49.192
151.67,58.696
206.33,87.692
168.82,75.946
157.6,72.654
132.07,53.23
155.68,65.875
180.53,87.028
143.87,66.209
191.68,97.957
136.28,54.357
136.6,62.753
182.71,82.501
171.84,81.208
155.33,64.233
137.35,49.785
160.95,74.496
191.06,89.478
149.64,59.873
195.56,95.203
140.86,47.769
153.65,62.171
205.68,86.177
172.11,73.587
163.66,74.777
142.01,60.981
154.91,68.939
176.01,85.559
136.07,56.572
191.19,94.862
133.44,52.958
143.62,60.173
181.76,80.642
169.97,80.705
153.63,64.224
142.54,58.417
153.59,63.97
179.88,86.881
152.04,68.283
194.14,102.66
143.57,54.119
153.11,59.081
206.62,88.971
172.23,73.457
157.42,74.512
142.68,57.097
152.13,68.596
184.32,86.583
144.18,64.204
189.47,94.702
132.64,49.516
140.65,60.231
184.82,83.87
169.95,78.551
160.78,72.335
135.05,48.85
151.88,63.95
187.62,91.503
157.84,69.336
195.41,98.445
148.33,56.823
154.14,63.663
202.6,82.848
174.52,78.63
162.73,75.539
137.07,52.357
157.4,70.428
180.56,87.187
145.44,62.901
187.47,89.431
135.09,53.089
139.46,57.629
183.78,83.085
167.93,77.478
161.95,70.578
131.8,51.866
159.11,69.821
177.35,88.314
151.58,61.915
193.76,94.666
144.22,53.627
150.11,57.904
200.39,81.769
177.28,83.165
156.06,70.605
136.58,61.827
158.23,71.442
177.69,80.112
138.22,57.98
192.81,97.927
133.93,54.435
144.71,66.231
186.08,84.299
170.09,75.538
163.94,66.868
136.26,50.624
161.95,74.591
185.06,87.35
152.55,62.604
193.64,94.158
144.91,56.632
154.75,63.468
206.42,90.443
174.34,81.042
162.84,74.798
138.99,53.841
155.32,68.907
184.26,89.048
143.72,64.205
188.7,96.776
130.94,48.233
146.98,68.344
185.54,82.547
173.88,82.336
154.98,68.152
140.96,52.503
152.33,65.773
187.01,96.164
150.67,64.442
191.85,101.26
146.44,56.795
148.47,56.965
208.5,83.992
174.85,74.408
153.24,70.329
138.6,54.588
153.84,69.068
177.5,79.51
138.71,60.43
199.09,103.35
138.97,54.442
142.12,64.613
180.16,81.017
163.85,73.625
161.08,68.672
138.68,48.382
156.89,65.506
182.96,82.762
151.88,64.654
196.4,99.527
146.45,53.933
149.41,60.886
202.77,84.918
171.85,75.123
156.94,69.154
137.27,54.272
155.89,66.216
185.37,91.257
145.88,60.506
186.99,93.788
134.79,54.018
144.4,64.778
184.54,79.136
170.86,79.969
159.49,69.352
135.34,55.496
158.14,69.25
180.6,89.018
151.2,65.016
194.65,99.004
143.04,49.382
150.63,58.927
195.59,80.657
173.91,81.214
153.11,68.923
140.04,60.772
165.54,71.982
181.44,87.126
144.65,67.307
196.79,102.21
135.22,55.861
139.86,59.701
178.87,76.682
164.61,75.409
157.15,66.798
137.76,48.442
158.73,74.439
183.16,85.918
152.38,62.776
188.54,94.48
140.63,48.631
154.32,63.905
196.1,77.635
172.53,71.487
157.39,67.562
140.26,56.023
151.75,64.467
185,91.687
145.97,62.419
193.35,98.065
139.3,54.722
139.38,57.033
185.54,85.519
170.27,80.134
162,68.351
136.26,49.985
154.35,65.386
176.48,86.486
151.57,66.938
194.89,107.96
146.12,55.199
154.45,57.11
208.42,92.101
173.71,76.203
153.82,69.624
138.04,53.641
151.56,71.439
183.13,83.22
146.12,64.467
190.54,94.495
141.51,59.127
144.36,64.689
180.29,79.204
168.43,73.068
166.1,73.682
140.03,54.11
160.48,74.19
189.93,90.145
150.45,62.576
198.78,100.45
142.64,57.863
151.7,65.253
204.81,85.862
176.35,80.396
156.28,69.301
134.23,47.406
153.55,60.873
180.97,86.014
141.76,61.048
190.12,95.074
130.55,52.36
140.7,58.368
190.08,85.542
174.67,80.864
159.18,67.247
130.92,49.522
160.97,74.063
182.78,92.211
145.75,60.67
199.14,102.48
140.75,49.853
154.37,59.057
200.61,84.136
174.72,80.729
158.24,73.843
136.87,52.82
153.77,66.081
182.89,87.283
136.26,63.128
191.85,96.31
132.35,51.276
136.74,62.129
186.1,87.265
175.02,81.772
166.2,71.238
143.05,55.595
152.03,67.63
180.17,82.886
151.78,56.508
194.86,97.108
147.78,52.161
149.25,61.039
206.42,87.68
180.38,82.95
157.49,72.284
133.05,49.775
151.74,65.013
178.88,88.043
146.63,64.782
195.04,95.533
137.69,56.313
139.08,59.716
185.76,81.806
172.81,81.953
159.84,71.845
142.71,56.99
150.42,63.839
185.24,91.603
147.88,61.945
190.61,95.554
147.4,54.409
151.01,61.25
202.51,84.115
174.57,79.36
156.75,71.186
139.16,56.601
154.47,69.979
179.26,80.925
145.68,65.793
195.59,97.691
134.05,47.86
139.98,58.452
177.24,80.077
172.61,75.686
155.69,66.004
139.19,50.767
157.13,74.879
188.54,95.2
156.05,68.341
189.71,92.022
148.16,56.407
157.23,66.027
207.23,84.74
180.04,83.315
160.33,69.959
144.65,54.739
152.32,63.554
179.96,85.843
141.94,58.561
187.21,93.565
130.56,47.592
146.2,65.077
184.95,84.958
167.4,75.572
152.27,63.379
132.01,50.23
150.81,66.641
177.79,86.124
148.38,59.106
199.55,104.15
145.2,57.264
152.49,62.748
200.44,78.54
167.03,76.238
157.69,68.444
139.08,57.444
163.1,76.435
185.46,90.459
139.73,61.986
188.89,95.677
131.99,51.961
146.09,66.631
185.01,88.933
163.41,73.932
159.56,65.727
134.9,48.393
158.13,73.234
188.83,90.776
158.14,67.317
197.68,100.32
143.19,51.576
148.79,60.682
199.11,79.657
176.84,82.974
156.05,70.165
133.39,51.987
154.6,68.956
181.22,91.775
146.08,62.457
190.37,96.809
136.84,56.605
143.81,65.943
185.82,84.551
167.14,77.522
162.91,72.418
139.06,58.07
152.44,64.193
176.07,84.978
152.6,67.585
195.63,104.04
138.95,53.281
152.69,59.952
203.19,85.633
168.01,76.071
163.98,75.953
135.49,51.357
158.76,73.767
175.57,78.997
141.9,62.222
187.82,92.254
133.32,53.167
144.07,66.86
185.93,84.899
164.85,75.781
159.55,71.167
141.05,51.94
161.15,73.609
181.15,83.478
159.6,68.141
192.65,95.633
146.23,57.748
147.01,60.021
199.08,82.285
173.59,77.534
163.41,77.001
133.99,50.971
163.06,68.647
174.58,79.551
142.9,60.359
191.69,100.28
131.84,53.131
134.72,57.139
186.32,82.11
171.27,79.853
161.54,71.016
133.47,53.168
155.55,69.633
184.41,93.664
154.09,64.004
194.62,96.71
136.91,50.492
145.33,55.193
206.13,87.884
178.18,83.828
157.61,70.532
139.95,58.032
158.9,72.528
185.11,91.086
141.13,67.524
192.76,99.184
128.85,48.547
135.52,60.446
181.37,82.232
161.38,74.435
156.32,65.174
145.17,57.533
153.7,72.036
187.93,86.806
155.73,62.55
198.57,99.111
145.3,49.703
153.01,63.633
198.25,81.327
168.85,73.416
163.57,73.691
138.63,56.633
154.24,65.952
178.39,86.145
139.26,59.706
198.19,102.81
136.7,49.361
142.14,63.999
185.11,84.311
171.97,85.635
153.14,65.515
140.35,52.532
152.4,64.155
182.02,89.494
151.86,71.055
189.55,96.779
140.15,50.243
155.12,62.376
205.98,90.687
173.97,76.83
165.27,78.936
134.8,52.667
151.48,68.583
181.84,83.947
137.74,57.137
189.54,94.249
134.51,51.17
143.02,64.2
181.74,86.105
174.54,82.322
163.89,71.393
142.59,54.103
155.8,68.273
183.91,87.069
157.18,71.412
190.05,93.115
138.37,50.417
152.05,63.604
203.57,82.604
174.44,80.566
156.49,68.777
141.64,52.519
158.52,66.449
182.76,89.467
149.74,65.016
186.91,94.48
132.71,49.96
139.81,59.321
188.21,84.85
170.41,80.359
153.2,63.786
133.9,53.097
156.99,72.689
184.85,93.078
150.72,59.991
194.35,95.861
139.33,50.674
154.28,63.011
205.52,84.919
173.49,79.685
154.08,69.234
133.48,52.991
158.21,68.87
179.97,82.28
143.69,68.087
186.88,93.829
132.08,47.583
143.86,63.554
184.84,85.431
170.72,80.567
163.11,73.325
136.07,51.483
155.94,71.295
187.52,88.322
149.74,58.572
195.09,99.916
143.42,48.772
155.59,65.944
205.95,88.525
178.17,76.264
159.26,69.471
140.09,57.406
152.14,65.223
177.27,87.591
142.93,60.459
194.58,101.01
127.88,47.334
138.88,58.54
184.62,83.824
166.72,76.843
153.79,64.911
134.79,48.11
152.75,62.504
179.25,88.91
154.55,69.844
196.62,104.94
141.54,49.696
149.61,54.611
204.06,89.242
170.58,75.817
161.49,72.801
135.46,50.909
150.68,68.396
188.29,84.929
140.08,61.223
195.92,99.363
135.56,48.906
136.8,58.659
179.58,80.584
169.87,76.854
162.05,71.971
143.38,54.901
150.79,64.05
181.91,85.137
154.58,65.866
193.92,92.026
141.28,50.424
154.88,60.197
204.59,83.951
178.48,79.513
162.68,73.41
131.26,45.542
158.98,67.349
178.2,82.251
140.97,58.844
191.45,90.076
136.7,53.74
145.35,67.378
184.39,85.985
164.98,72.645
163.37,70.233
131.51,51.175
159.75,73.676
181.66,92.086
150.9,64.09
194.28,95.86
140.85,49.512
157.67,63.718
205.27,89.699
169.3,79.847
151.44,66.921
132.02,52.775
160.9,73.209
175.61,81.965
140.73,62.098
197.11,101.56
130.3,51.628
140.64,63.439
188.66,84.364
168.77,77.967
163.81,68.008
136.69,49.896
158.5,73.071
188.72,90.995
156.54,68.103
197.52,97.391
139.9,51.615
150.07,61.435
201.34,82.862
171.66,75.383
158.77,68.22
137.64,49.498
155.5,70.254
172.27,80.918
147.74,69.538
186.41,98.027
127.46,48.035
141.69,65.81
186.81,83.126
169.12,76.691
152.41,63.929
134.21,47.083
158.56,66.826
186.67,94.923
150.82,63.359
188.71,97.543
148.52,55.986
154.25,59.733
208.53,85.734
173.63,82.724
153.89,73.233
139.12,55.292
154.7,70.304
177.52,81
145.98,64.335
192.1,93.369
135.33,55.031
138.98,60.5
180.39,80.127
163.6,73.341
161.76,72.087
142.95,53.727
159.19,68.654
184.7,87.82
152.07,64.324
192.04,95.933
148.25,57.757
145.96,60.312
205.61,87.496
175.6,79.658
164.75,75.039
133.35,49.627
156.83,68.882
183.33,90.908
144.71,57.893
190.93,98.33
130.45,48.715
146.21,67.15
188.11,83.526
162.33,74.33
159.99,73.908
139.45,57.354
158.17,72.922
179.38,92.628
150.96,60.818
194.83,100.11
143.59,50.184
148.76,55.16
207.17,89.325
177.52,87.365
161.45,76.698
139.17,60.022
159.57,68.294
178.04,81.322
141.12,60.788
194.41,100.15
131.24,51.682
144.51,65.365
187.53,86.542
169.3,78.377
157.19,65.801
139.53,51.891
159.07,74.437
183.56,87.535
149.01,56.338
196.84,100.19
141.33,49.83
147.87,58.082
195.85,80.427
179.88,75.37
157.1,67.165
137.58,51.115
158.06,65.131
177.78,86.858
137.92,58.466
194.02,97.255
130.63,44.895
140.75,58.524
181.6,81.139
170.64,81.62
163.57,69.851
139.66,52.078
161.51,70.827
183.95,95.226
145.37,61.215
194.73,106.64
147.95,54.674
156.22,60.406
203.98,87.88
167.96,74.169
154.98,71.056
132.05,49.916
154.68,71.82
178.63,74.231
135.52,54.757
197.6,101.74
131.2,52.734
145.89,66.543
184.97,85.546
167.26,73.423
163.58,70.542
144.54,56.14
152.65,68.775
179.89,85.895
154.11,64.915
192.55,93.538
137.54,54.147
155.26,63.858
203.98,86.883
181.27,81.529
161.9,69.307
133.29,47.949
159.35,67.745
178.17,82.291
150.3,67.758
190.14,96.812
133.98,51.245
142.05,60.047
190.32,84.911
164.95,72.667
163.19,70.269
132.95,53.979
162.47,74.457
178.6,91.623
154.63,67.539
193.34,97.831
142.84,54.114
153.57,57.914
207.23,86.885
170.81,75.332
157.1,71.086
133.49,53.483
157.98,72.826
186.95,89.689
139.12,62.587
193.45,98.2
136.46,56.183
136.6,62.113
179.15,76.638
171.61,75.194
154.32,61.07
141.26,53.469
153.8,66.78
182.19,82.8
154.78,59.548
195.61,98.788
141.6,48.618
151.48,61.296
204.79,87.275
177.12,78.885
155.79,73.48
135.94,53.678
156.25,65.972
178,88.06
142.5,61.827
189.17,93.585
133.17,49.815
139.38,59.805
179.68,75.61
164.61,73.211
162.17,73.532
141.93,53.444
160.32,70.66
176.64,86.628
153.41,71.146
189.71,94.775
150.85,59.23
151.33,58.62
202.19,81.917
178.88,77.971
156.05,74.134
134.5,57.504
159,72.824
187.93,86.524
139.4,59.455
189.63,95.168
134.67,51.146
143.96,64.359
184.84,91.583
174.08,78.461
163.72,73.058
139.52,51.054
160.03,72.846
187.62,95.255
150.46,63.931
196.79,94.952
143.4,56.079
153.12,63.285
206.3,86.067
181.99,85.366
159.06,69.965
137,48.344
