1,1.1394,-1.9338,-1.417,-0.17491,-0.34386,1.6696,-0.58943,-2.1212,0.68972,0.52194
1,4.9731,2.7842,1.1772,2.1432,-0.49417,-3.5056,2.2375,0.25629,3.1939,2.0136
1,1.6954,-0.6905,1.7588,-0.78864,0.54167,-0.1289,0.64963,4.6899,-0.28808,-0.80178
1,2.631,-1.347,-0.070295,-2.4679,0.64069,1.0299,1.1388,-0.0080333,1.2235,-0.98034
-1,-3.4544,-1.1146,1.6043,3.0078,1.8393,-1.1145,0.6973,-2.177,1.2013,0.82605
-1,-3.0486,-0.62224,3.2736,-4.0051,-1.3123,-3.144,-2.1022,-3.3076,0.73883,-1.8724
1,0.19656,1.2606,-0.64297,1.2553,-0.42326,-0.57604,0.68421,1.9594,-0.68536,3.2945
-1,-2.4885,-4.2494,0.4511,-4.6421,-5.795,-0.32428,0.22854,-0.83802,-0.72086,0.90891
1,-0.95503,0.23708,-0.83838,-0.96909,3.5037,3.7624,0.36078,1.5926,2.5086,-3.1706
-1,-4.8405,2.3709,0.08977,-2.8839,1.3809,1.4633,3.7833,-0.43426,-0.4179,-2.2776
-1,-5.1709,-1.4195,2.2757,-2.1617,0.46443,-2.9646,2.8991,2.5565,-1.7238,-2.1131
1,1.9335,2.1292,1.826,0.053318,0.62476,0.93585,-0.86018,3.9096,-1.8675,-1.4767
-1,0.058736,0.16303,-2.1666,-2.556,-1.468,-0.73763,-0.04656,-2.6001,-1.4136,-0.94975
1,-2.1332,1.9891,1.0301,-0.69902,3.1711,2.3184,-0.27661,2.0538,-0.43916,-0.95293
1,-1.6995,2.6732,3.0909,2.1457,-0.27517,2.699,-0.21035,0.42237,-0.065542,-0.87303
1,0.55758,0.51831,-2.0324,0.30537,5.2824,0.99268,2.9331,0.57789,-0.76944,-0.41322
1,-2.8432,-1.5539,1.67,1.1418,-0.3525,5.5437,3.5189,-0.055326,-0.27759,1.3402
-1,-1.0636,2.1733,0.48021,0.99225,-2.3861,0.30971,0.65898,-2.729,-2.4229,-2.2327
-1,1.4652,1.4325,-3.5716,0.24555,-3.2465,0.042362,0.79703,-3.9383,2.6592,-0.13636
-1,-2.4112,4.8713,3.8344,0.76767,-0.39263,1.9906,1.7709,-4.8484,-1.8303,-2.8866
-1,-1.0397,2.2144,-3.0044,-0.88779,1.3468,-6.0147,2.9744,-4.1973,-0.23192,-0.47496
1,0.27391,1.368,-3.1071,2.4557,-0.069861,0.35288,-2.3781,-0.098789,0.69347,0.21511
-1,0.94859,-2.4512,-4.5095,-0.18702,-2.2327,-0.22165,0.7241,-2.8925,-3.5817,-1.9302
-1,-1.7473,-0.45132,-0.57029,2.0345,-0.29701,1.4744,-0.53365,-2.6184,1.4122,-1.4712
-1,-3.1735,0.95273,1.1906,0.91493,-1.4972,0.040161,-1.5759,0.22728,-0.91348,1.3734
-1,-0.39485,-0.96465,0.40296,-2.5795,-0.43839,-2.3514,-1.0672,2.1655,0.46258,-0.89219
1,0.78238,0.5769,-0.81329,-2.5236,3.5891,0.10007,3.2934,-0.094213,2.4724,1.1894
1,-0.014807,-3.2013,-1.4768,-0.70142,1.9653,1.824,0.5495,-0.15257,1.0287,-1.0879
-1,2.0568,-1.4448,-2.9534,-0.25553,-2.9889,0.62051,2.507,-2.8052,-3.3673,-0.48865
1,-0.17031,2.33,0.64019,0.85414,-1.5538,-0.03285,2.12,1.3948,-0.52195,-0.63962
1,4.8052,0.76226,-1.2448,-0.86555,0.33716,2.7273,-0.55547,0.32423,3.3971,2.1584
-1,-0.94578,-1.8554,2.4804,-0.051264,-0.22463,-2.748,-5.3085,-1.7618,2.8388,-0.98756
-1,-1.7092,-0.70601,1.4006,-1.5534,-4.7751,-1.4523,2.2257,2.6679,2.3114,0.93527
-1,0.35871,-2.133,1.4208,-1.5314,0.94686,-2.7378,-0.23766,2.5119,-0.61819,0.81445
-1,-0.13545,-0.84191,0.50989,-1.0046,1.1444,-1.4011,-1.6115,-0.86163,1.9512,0.97526
1,1.8249,4.3454,-0.71905,-1.0956,1.7081,-0.36721,1.1808,1.4735,1.6551,-0.24803
1,3.9102,-0.27788,-3.0126,-1.2609,1.5809,2.8041,-0.71333,3.4559,0.28391,-1.0566
-1,2.0424,-0.70069,-2.4207,-5.8091,1.4769,1.0858,-1.9739,-2.398,-4.4543,-1.6734
-1,-1.1535,1.8293,-0.32023,4.1863,-1.3439,-2.2289,-0.51615,0.36439,0.32736,0.33352
-1,0.86006,1.1571,-0.66329,-2.1494,0.18867,2.2817,4.333,-0.28782,-2.7234,-3.2299
1,-1.4118,-2.5867,-0.67206,-2.7339,0.84209,3.2642,2.4154,0.29657,0.76454,-0.46449
-1,-2.225,-2.5227,-1.3549,0.46703,-3.4744,-0.77818,0.3869,0.81997,1.2284,4.293
1,-1.1669,1.1115,-3.223,1.8771,-1.027,1.5423,5.504,-1.6584,-0.67685,3.5241
1,2.8556,0.87954,-0.83607,-1.574,-2.0341,-1.644,0.56096,0.57227,3.3294,0.09727
1,1.0606,-1.3848,0.32341,-2.4874,1.4421,-2.9498,0.2508,2.0636,0.78583,1.1848
-1,-0.9691,-5.3852,-0.96409,0.79124,-3.0768,-1.6393,3.3005,-0.21935,0.14288,-3.0087
1,-0.094076,1.8989,-3.5338,-0.79251,-0.62773,0.76603,2.6936,3.428,1.0442,3.0943
-1,-1.229,-0.51137,-2.258,4.4726,-3.734,0.93176,-0.76476,0.89887,-3.1631,-3.5716
-1,0.60677,3.9424,0.97141,1.2674,-1.4588,0.66748,-1.2395,-1.3591,-1.8107,-0.69621
1,1.7225,4.4584,0.54956,-0.31716,-2.8388,1.6131,1.1851,-1.7541,1.6998,2.6582
-1,-0.98767,-0.045235,2.9911,-0.5313,1.1359,-0.79936,-0.0041441,-4.0612,-2.0778,-0.10062
-1,-1.4703,-3.7908,1.2185,-0.95905,1.5023,-1.9607,-4.4747,3.0217,-0.81922,-0.12378
-1,-1.3443,-0.72983,2.7465,2.1931,-1.4316,0.94803,-0.78213,-0.55371,-0.97078,-1.0341
1,3.4861,-0.31778,1.5367,0.41216,1.2759,0.20433,-0.78871,-0.20679,4.219,0.33188
-1,-1.2927,-0.62286,3.545,-2.3926,-0.30443,-1.5692,-3.2127,1.3094,1.2551,1.5184
1,1.664,-0.97474,0.69106,-2.8947,-4.3278,-0.34533,2.9882,-2.909,-0.95962,3.289
1,4.2523,3.0596,1.3534,-0.85988,1.221,-1.1938,2.2258,0.40988,-1.8535,0.22179
1,1.7861,3.1811,-2.8475,-1.5006,0.66793,1.6087,0.54742,-0.74574,7.3125,-3.4873
1,3.4508,-0.31542,-2.4644,-0.80221,2.1532,1.7712,-3.8857,1.6265,0.85626,2.1047
-1,3.3686,-4.8843,2.5837,-1.4384,-1.509,-1.7583,0.43622,-0.70323,0.73689,-1.5585
1,3.3511,0.3437,-2.2492,0.41703,-0.23182,2.1555,-1.3658,1.8518,1.0035,3.5709
-1,-0.13406,2.7346,-0.42781,1.7952,-2.4952,-0.92598,0.083361,1.2152,-1.6575,-0.91827
-1,-2.3596,5.3824,-1.5277,-0.40901,-3.4712,-2.1533,0.092729,-1.6636,0.64292,2.1868
1,-0.81046,2.2921,2.3053,3.536,1.2221,0.092245,3.9828,1.4363,-0.16189,-0.85477
-1,-0.43563,-0.50582,-1.5785,-0.064281,1.1941,-0.2059,-2.0678,-1.2208,1.0111,1.5159
-1,1.5185,-1.619,-0.98972,-2.5068,-0.77738,-2.0785,-2.3383,1.4691,-3.9761,-0.54084
1,1.2638,-0.015845,0.44651,0.67522,6.0376,-1.2288,1.1863,-2.343,1.9908,1.4679
1,1.9907,-0.80141,-0.85335,1.7773,1.0109,3.1131,1.6749,5.2918,2.973,-2.6888
1,-2.9864,-0.95522,-2.5697,-0.56364,2.3089,2.4567,-1.3189,2.6719,1.18,-0.27561
1,1.6243,2.7563,-0.62938,-0.047571,0.34984,-0.73251,0.96007,0.99408,2.5441,0.17713
-1,-1.5274,-0.16672,-0.20244,-0.88367,5.1819,-0.70684,0.12071,-1.3074,-0.015792,-0.73931
1,0.14894,0.51602,-0.58826,0.58086,5.3821,2.412,1.575,-1.8678,1.3712,2.2596
-1,-4.5397,0.53876,5.2681,-1.9422,-2.1935,2.6931,-3.0748,-0.92448,0.7195,-0.68491
-1,-0.2091,0.19705,-1.0172,-0.033424,-2.2202,-4.1271,2.1723,-3.9095,-1.0581,3.2393
-1,-4.5191,0.28012,1.9893,3.5838,-0.15353,-0.48283,-4.0733,0.53357,-1.592,-1.5287
-1,0.64958,-0.31804,-1.222,-2.4504,0.20389,-1.7501,-1.5662,0.7743,2.5704,-0.73243
1,0.32082,-0.95683,0.024468,-1.9883,-1.7974,-0.77959,2.7994,-1.5419,-0.93891,2.8188
-1,-2.0535,1.1747,-1.6422,-0.11896,0.43593,1.2998,-0.36315,-1.3355,-0.43979,2.3577
1,3.8264,0.65091,2.2393,-1.6592,0.57411,2.2963,0.17216,-0.7674,-2.4496,3.4967
-1,0.42371,1.5625,3.3426,-0.32726,-1.6368,-0.15246,-3.3403,-1.9454,0.30854,-0.35831
1,3.3928,1.5426,0.33457,0.87255,0.6344,0.52241,-0.074278,-1.7974,1.5533,0.48693
-1,-2.2556,-1.442,-0.58345,-1.8303,0.42065,0.17822,-2.0736,3.6869,-4.0038,-0.93227
-1,1.6686,3.35,-2.1007,-1.2195,3.5749,0.69926,-1.9033,0.57126,-3.1635,-3.1339
1,1.1724,-3.6739,-0.76196,2.4008,-1.8455,4.6264,2.3244,-3.249,1.9703,-2.9598
1,-2.2654,3.841,2.0259,4.0617,2.5067,0.54459,3.0791,-3.4026,1.0335,-0.87039
1,0.11874,2.239,3.2069,-0.982,-1.8926,-0.42696,1.4585,-0.29095,-0.18533,1.4692
-1,-1.3664,1.8045,1.372,-0.48583,3.5891,-3.6703,2.9238,-0.056937,-2.5379,0.61107
-1,-2.361,4.7949,1.2538,-3.7981,-1.5042,-0.017426,-0.93672,1.0252,-3.891,2.0453
-1,-3.2132,-2.2011,-1.5157,5.0938,-0.87275,2.6907,-2.025,-0.20394,3.1475,-1.057
1,1.5757,1.6376,0.99968,-1.9387,-0.6481,1.2059,-0.74848,-0.81789,3.8975,1.4444
1,0.68688,-1.867,1.0974,-3.3627,1.5423,1.3005,0.38479,3.1231,-1.586,3.6342
-1,-0.0507,-1.0247,3.2749,-3.7522,-2.3218,-0.13971,2.6361,1.0818,0.93451,-0.8599
-1,-6.3381,-3.2321,0.14819,0.0032285,2.2764,1.0562,1.6293,0.81202,-0.70868,0.92408
1,1.2651,-0.81192,0.57506,1.7802,-0.61082,-1.6471,3.9454,-1.6027,5.9643,0.28253
-1,-1.628,-1.2352,-1.7387,0.67827,-0.62555,-0.80886,-0.29936,1.4826,1.858,-1.5294
-1,-3.12,-2.3591,-1.9981,-1.367,-2.5548,-1.3023,0.46711,1.2405,0.10063,1.2369
1,-1.7622,-1.2145,-0.7628,-1.6154,-0.71641,-0.31764,-2.2722,3.6623,2.6739,2.7369
1,1.8024,-1.6158,0.81725,0.23724,0.99679,3.2192,-1.1757,2.1483,1.133,1.0172
-1,-0.30135,-2.6114,-0.8544,-1.798,-0.71899,3.5673,-3.1245,-1.4136,1.8991,-2.4787
-1,2.3725,1.3573,2.0977,3.2832,1.8052,-3.7356,0.15647,1.696,-5.8048,-1.4107
-1,-0.26893,-0.11193,2.5181,-0.89502,-0.902,-0.7775,-0.5683,-3.8004,1.6101,0.028443
1,0.53361,-0.054204,-1.2834,0.23728,3.9045,0.87405,-0.031413,2.9476,1.5461,-0.46192
-1,-1.0667,-1.3104,-1.1172,-3.52,-0.84487,-1.8678,7.6964,-3.0737,-0.44312,-1.4054
1,-0.30427,0.58092,2.5459,2.9183,-1.4954,0.27147,-1.1066,-1.6297,2.5617,2.7534
-1,-0.31521,0.018008,-1.4589,0.98335,-1.999,-3.4126,2.1862,0.86311,0.10329,1.8001
1,-0.26033,-2.1417,2.5552,-4.3982,0.25429,4.5528,-2.7555,0.012996,-1.2504,3.3498
1,-0.11627,0.93029,-0.75669,-0.43604,4.0818,1.7312,3.4646,-0.098566,0.19635,1.8238
1,1.0261,-1.4459,-1.7873,-0.16506,0.74762,0.60158,0.68269,3.6353,3.2921,2.5154
1,-0.16073,1.6785,-3.7059,1.0048,-2.0775,-2.5615,-1.1325,3.6042,3.1561,0.85968
1,4.0005,1.3188,-1.2961,0.12933,-0.13854,-0.21008,2.6557,0.37824,-3.3876,3.8123
1,1.1454,3.0715,0.82457,0.47767,3.4882,-3.2109,-1.461,0.96967,-3.2382,0.7413
-1,1.1468,-0.40986,-0.65704,-2.0382,-1.0516,1.1077,0.7624,-2.1197,0.82606,-0.90223
-1,-2.5474,-2.615,-1.9941,1.0165,-2.9927,-2.0436,-0.29131,-4.621,-1.4089,4.0308
-1,0.37329,1.0504,2.8307,-5.9058,-2.2837,-4.0874,3.3195,-1.5604,-0.10848,-0.4954
1,-1.183,-0.14825,1.8209,-0.41588,-0.37401,-2.7503,1.8354,5.3293,-1.3978,1.2173
1,4.3835,2.8643,0.98078,3.0789,-3.7719,0.16944,3.4547,-1.8063,-2.3866,-1.759
-1,-1.7797,0.50616,-0.92298,0.64411,-0.93807,1.235,-1.023,0.70522,0.96058,-2.677
1,1.5314,0.58448,2.3716,2.1151,3.7042,1.1855,2.3932,-1.1837,2.6196,3.2719
1,-1.2218,-0.64142,3.746,0.57532,-4.6738,4.826,-1.2477,3.728,-0.62801,1.1288
1,3.5613,-0.10661,-4.6829,-0.072304,0.25927,0.47975,0.49002,0.50918,-0.31158,-1.335
-1,-3.0651,2.8197,-1.6495,-2.6308,1.6787,-0.94266,2.2671,2.7057,-4.0677,1.619
1,3.0669,1.7976,1.6809,1.2247,0.97528,2.6125,0.42343,2.838,-1.9294,2.6266
1,-0.069298,3.2314,-2.4327,-0.84484,-2.0004,0.12047,1.1742,-3.1731,-2.5621,4.0479
1,1.4156,0.78016,-3.4628,-2.2604,1.1819,-0.57607,2.2131,3.6296,-5.0676,2.1567
1,-0.63525,-1.5605,2.2006,-2.479,-0.07766,1.5192,3.204,1.4766,-1.5501,3.7317
1,0.82734,0.74072,1.0112,-2.679,0.96716,3.8465,2.2518,-0.66633,-1.1669,-3.9937
1,1.6772,-1.2105,-1.8105,1.4107,0.73342,0.058091,1.6352,1.3958,-1.9009,-2.6016
-1,-0.37372,2.7695,0.73085,-1.9051,-0.60136,-4.7057,-0.90609,-3.0125,-0.65561,-1.9237
-1,-0.46586,-2.9037,-0.46537,-0.1758,-0.34426,-1.9854,-1.3371,1.612,0.5475,-2.5597
1,-0.98368,0.68885,0.18679,4.7143,-2.5625,2.2481,-1.5375,2.3958,2.8387,-0.084753
-1,-0.30926,0.57125,3.6574,-2.1449,1.5453,-1.3198,0.5502,-1.086,-1.4552,-3.6905
-1,2.8899,-2.2387,1.7325,-0.88084,1.0498,0.90379,-2.4471,-0.28224,-2.3351,-1.4611
1,0.35248,-1.3945,-2.1108,-3.9038,-0.6351,2.8571,2.6813,-0.44453,0.90494,-0.42931
-1,-1.3219,0.5398,-0.53248,1.3954,1.7002,-0.53584,-1.292,-2.3532,0.86376,0.63095
1,0.97781,3.2684,1.9254,-1.1517,1.0695,1.2691,1.634,-0.019349,1.7556,0.33971
-1,-0.93282,2.1966,-2.4571,-2.6142,0.79645,-0.5453,0.56861,0.22818,3.9037,-2.8851
-1,-2.4479,3.6998,-1.0958,-1.0272,0.20825,1.1016,-1.4839,0.13609,-3.2376,0.60648
1,-1.0906,-0.02439,-0.2938,1.7005,3.1619,2.7887,-1.3303,1.8042,-1.0818,0.17142
-1,-3.3898,-0.47748,-0.94857,0.82116,-0.68891,0.94529,2.1402,1.8979,0.39919,0.99939
-1,-1.5871,-1.5664,-3.0386,0.70653,-0.058231,-0.88443,0.13063,-1.4788,-2.8173,1.5228
1,0.46388,-0.59201,1.4072,-4.0075,0.66658,-0.024609,-0.33727,1.113,3.407,1.4644
1,2.3735,-2.6136,0.78063,0.14008,-0.34737,-0.5907,1.0124,1.3416,1.0167,1.3138
-1,0.52509,-0.82161,-0.68021,-0.11088,-2.0546,-0.51925,0.50191,0.21629,-0.66263,0.1326
-1,-1.0094,-0.98475,-0.093628,0.27149,-0.55226,0.015009,-0.53004,-2.7091,3.8361,-0.70413
-1,0.81541,0.60698,1.1241,0.42691,0.91448,0.7651,-0.25811,-2.8897,-2.1157,-0.48464
1,3.1555,1.6768,0.90311,0.22474,1.0328,0.4185,1.3604,-4.0796,-1.1783,0.82235
-1,-0.84407,0.54536,2.5546,-1.6363,2.4983,1.1405,-0.48148,-0.4179,-4.3092,1.6045
1,2.9539,1.6801,-2.2278,-0.99096,-1.9451,-3.0012,-1.3569,2.235,0.39298,-0.84177
1,2.2679,-1.341,1.8814,-1.5008,0.45717,1.4947,-1.4023,2.2375,2.5013,1.3209
-1,-0.97862,0.5847,2.824,-0.032891,-2.8852,-0.18892,-1.9422,1.4698,0.074718,-3.0904
1,-0.43247,2.6962,1.5249,1.1065,-3.182,-1.2276,2.1288,1.0381,-0.25642,1.1853
-1,0.79423,-2.1241,-0.85363,-4.3134,3.153,-2.5215,-1.3589,0.92264,-1.5979,0.1031
1,-1.468,0.27213,-0.12915,2.4338,-1.7672,2.3374,-0.39321,2.4001,-0.59323,3.3307
1,-0.11293,0.25331,-2.9374,0.30541,-1.81,1.3622,0.14304,-1.0607,3.1704,-0.54058
-1,-1.5735,-0.24857,0.41981,-1.4978,-2.1415,-2.8421,-0.2367,-1.7035,-0.67255,0.57242
1,2.1268,2.3997,-0.12663,1.2779,-3.6504,0.97591,0.52692,-0.7126,1.6084,-1.8972
1,1.0181,-0.78352,-3.653,1.4271,0.18358,-2.5101,-0.40744,-0.025198,-0.29395,1.6696
-1,-1.0243,2.314,1.8548,-1.7459,0.080502,-0.060503,-1.6015,-0.19428,-0.41525,-2.7499
1,4.6417,0.72728,0.11021,2.0085,-3.8487,3.7255,-6.1887,-1.6427,-0.0011208,-3.7359
-1,-1.4886,2.7213,0.19815,0.90639,0.21017,1.4797,-0.45781,-2.8126,1.5006,-1.5493
-1,-1.7141,-3.1952,-0.48498,3.952,0.17061,-2.3133,-0.9124,-0.04558,1.1806,-2.5191
1,0.41893,5.9098,-0.43815,0.017987,-0.76604,-2.0196,1.1826,0.95983,-0.45711,0.76431
1,-0.98628,-1.0683,0.47387,-3.6897,3.0005,1.3906,-0.66573,-1.6033,0.65263,4.371
-1,0.66452,-2.3996,3.3806,-1.5289,-1.7552,-0.5172,-0.70461,-0.64379,-1.355,-2.7013
1,0.93657,0.62875,-0.94759,1.7727,5.1343,-0.2397,-2.4178,0.58178,3.009,3.1835
1,0.76396,-0.35068,-4.0598,4.0136,0.22108,-0.82402,0.37168,2.4671,-0.13943,0.71387
1,2.4695,-2.1049,-1.0828,-0.08046,1.5191,-0.57963,-2.5482,2.4471,-1.4335,-0.96163
1,2.4078,1.9417,0.46742,-0.027848,-3.4455,-1.5607,-0.26727,0.050265,0.53814,-0.11006
-1,-0.3759,0.033336,-1.9051,-0.29492,-1.9524,0.87682,0.34649,-2.6239,-1.1021,2.1716
1,-1.947,3.4993,1.2797,-2.6321,3.2367,-3.9771,1.8157,0.96359,0.90596,3.8697
1,-1.6469,0.77348,-0.095256,-1.2152,-3.4361,2.2699,0.93833,1.0665,2.1566,-0.49727
-1,0.71425,1.4951,0.45937,2.8465,-2.5559,0.71078,-2.0418,-2.4882,-1.6944,1.4109
1,-2.4525,2.2731,0.48751,-1.6608,2.2085,-1.1514,-0.76114,0.63707,-0.16924,3.352
1,-1.0902,2.8882,0.89415,1.0728,-0.6971,2.3682,0.41167,0.26486,-1.0458,1.8797
-1,-2.7243,-1.5837,1.3259,1.171,-0.43399,-1.3916,-3.0904,7.287,-1.5369,-0.42292
-1,-1.5009,0.39579,-0.29061,-3.4936,-3.1201,-1.1666,3.059,-0.90777,1.1413,1.3603
1,2.4023,1.6521,1.2406,1.133,0.4522,4.679,1.1703,-0.49816,-0.71708,2.693
-1,1.6027,-1.0906,-0.40007,-1.8381,-0.8266,0.32896,-1.2754,-1.1567,-2.1152,0.74558
-1,-0.40289,-2.9107,0.94075,1.7092,-2.7385,-1.9526,-1.4315,-5.9034,0.3289,1.3843
1,2.536,3.6036,-1.613,-2.7558,-1.3547,2.5893,0.84153,-1.319,-3.1294,1.6985
-1,-0.52195,-2.2504,0.75792,-0.87365,0.91496,-1.7007,2.2303,-1.6339,0.23166,-1.1291
1,1.6801,-0.87492,2.6705,-2.0993,2.711,0.53177,0.736,-2.108,0.62957,3.5693
1,1.8826,-0.79145,1.4367,-1.2975,-0.35575,2.2068,0.089433,1.7348,-0.7925,-1.0783
-1,2.6364,-1.0382,-0.014429,0.95269,-0.62838,-1.8403,-1.8141,-3.0585,-0.36648,-0.94521
1,-0.88515,0.26333,0.39759,0.82139,-4.8273,-1.7926,0.4681,3.2213,2.1146,0.17179
1,-1.7203,2.0208,0.50824,2.1851,-0.055225,-0.80098,0.54994,-0.57486,4.304,-0.40614
-1,-1.0049,-2.3999,0.17173,-3.4588,2.9729,2.2299,-0.2353,-1.9857,2.5555,-1.6424
-1,0.22204,0.40705,-1.201,-0.92457,1.6676,0.46261,2.3793,0.6249,-3.6799,-2.5512
-1,-0.14908,2.4138,1.48,-1.9425,-0.056154,-2.1614,-1.9124,0.78282,-0.89754,-1.5582
1,-2.6519,4.7706,-0.72284,1.5025,0.83806,3.1262,1.9338,0.19328,-1.9141,2.9412
-1,1.6067,-3.0743,-2.5481,1.209,-0.50721,-2.9552,0.87907,-1.6424,-1.5423,-0.87521
-1,-3.8285,-0.21698,-2.1581,0.99666,0.49424,0.28682,0.33316,-0.22824,-0.37496,-1.3031
1,3.3344,2.5819,2.7334,0.87188,-1.9466,-1.115,-0.19039,0.33148,0.69377,-1.6016
-1,0.61905,-1.2613,-0.51828,2.1287,0.94076,-0.5064,-3.7533,-0.91224,-1.3527,-0.90363
1,0.98745,1.6934,-4.625,3.4829,1.4433,-3.3412,0.96954,2.0006,2.2481,0.37059
1,0.41314,1.7065,6.1866,-0.60708,1.1672,-4.3772,1.8248,0.95258,-0.49327,2.0861
-1,-0.2921,4.3617,-0.11457,0.10517,-2.765,-1.0029,1.2267,-2.7664,-0.65533,1.4571
-1,-0.10898,-3.0899,0.77045,-1.9972,-1.4913,-1.7516,0.22938,0.5935,-3.4486,-2.8415
1,-0.67398,-2.8226,3.8142,1.9424,-0.33394,-1.8905,0.038489,2.1565,0.50031,1.1723
-1,-0.14352,0.94846,-1.033,-5.2069,-0.012493,-3.3305,5.8403,1.666,0.74565,-0.78763
1,2.6965,0.20476,3.1428,-0.4742,-0.71993,1.3109,1.9233,-0.66256,2.3258,0.049512
1,-0.46677,-0.85427,1.7487,2.3145,2.1674,-0.07969,-0.50442,2.1973,-0.74439,-1.4247
-1,-1.9838,2.421,2.4394,-0.018954,-0.58473,1.199,-1.1916,-0.74158,-0.261,-0.90112
-1,-1.4101,2.72,3.1405,-4.304,0.79825,-0.70659,-3.3265,-0.44562,-2.0677,0.11806
1,0.32988,0.99041,3.754,-2.4333,0.59215,4.3966,3.7795,-0.41318,-1.7595,3.2889
-1,-0.099134,-0.52751,-0.49479,-1.3986,0.023298,-2.4136,-2.175,-1.4063,1.5505,-0.85031
1,0.0089309,1.1391,-2.9194,-0.81897,1.1128,1.3054,-2.1446,-0.041672,0.87268,3.471
1,1.1693,1.4122,0.41588,-5.2835,-1.5201,4.8619,-0.29704,3.1504,3.6765,1.3825
1,1.6701,4.6798,1.0132,1.0672,-0.76816,-0.85018,-1.7573,-0.55764,3.3784,-1.3187
-1,2.6901,-1.6853,-1.6004,-0.079896,2.817,-2.3124,-4.9065,-0.95645,-0.37687,-2.5969
-1,-1.0233,-1.4275,1.5805,0.49467,2.2781,-1.7643,0.09766,-2.7078,-0.5916,-0.17663
1,-1.1466,1.579,1.5875,0.79456,1.5739,0.93172,0.18101,1.2634,0.50025,2.57
1,2.2346,-1.1725,-1.5548,-0.49529,-0.92185,-2.3148,-2.0855,3.8826,2.6684,1.0472
-1,-2.1078,0.60575,-1.9577,-0.14917,2.547,-1.9948,0.83009,1.2579,0.4674,-2.2364
1,0.50815,1.2059,1.5986,-1.5051,-1.216,-0.73224,2.8624,-0.46506,3.9933,1.8793
-1,-1.0269,-1.1466,1.367,3.0618,-3.0196,1.7076,-2.5427,0.14379,1.5463,-1.7466
-1,-4.6348,1.6844,-4.0758,1.5864,-1.3926,-0.30842,-1.6997,2.1408,-2.9261,-0.17819
1,5.496,-0.95707,-0.80524,3.1024,3.357,-2.4509,0.18362,1.0677,-0.74281,-1.1261
-1,-3.2291,0.70103,2.2654,0.73621,0.66836,4.0873,-1.0834,-2.1812,-0.049904,-2.8694
-1,-1.0273,3.1949,-1.5162,-4.4828,-2.2727,-2.8251,0.56533,-0.032897,-0.030107,1.2653
1,2.9092,-1.6866,2.0944,1.0734,-1.2045,1.4136,3.1438,3.69,-2.0212,-2.7751
1,-0.99797,-1.2561,-1.483,-1.7019,-1.0843,4.0281,0.78057,-1.9775,2.1653,1.5694
-1,1.1382,0.1977,-0.88581,-1.0005,-1.8547,-1.5823,-4.4114,1.3004,-1.5194,0.31831
-1,-1.3874,0.1755,1.4847,0.66389,-0.36902,-3.6745,-0.27723,0.43113,-1.5991,-2.5157
1,0.22062,3.7892,-1.0432,4.3362,0.83493,-0.45968,-0.53711,-0.71556,0.20201,-2.7541
-1,-1.6998,-2.5651,-0.26949,-0.14644,0.86756,-0.55993,-0.6935,-3.8794,2.7121,-4.1024
1,4.337,-1.3184,-2.2788,1.1261,2.631,1.9583,0.93035,-0.096178,-1.5082,-0.18421
-1,-0.069481,0.12036,1.7098,-1.1943,2.2026,0.29971,-2.7078,1.2665,1.8898,-2.825
-1,-0.33898,1.7445,-1.4385,-0.033132,-1.2841,-2.359,-0.27486,-3.3981,-0.84512,-0.043273
-1,-0.28892,0.673,-1.5508,2.6793,0.42548,3.2065,-4.2841,-1.8968,0.43323,-2.1911
1,1.6911,-4.9971,-1.6838,2.1764,-2.3257,0.70391,2.0512,3.2298,-0.72738,4.5318
-1,-0.95691,3.2146,-3.465,-2.4123,-3.0945,-4.5858,1.058,0.869,0.60273,0.4389
-1,-3.9135,2.4092,-1.793,0.82051,1.0934,0.40684,1.4561,0.25201,0.96395,-1.6041
-1,-2.433,-0.9258,-1.9568,0.87446,-0.68271,0.40496,0.88143,1.1786,0.23332,-0.34677
-1,-1.0565,-3.2895,-0.13808,-0.97499,0.83405,1.2369,-1.048,-2.2624,0.93058,-0.46363
-1,2.7389,1.8701,-0.20859,-3.3878,0.49303,-1.3624,-0.87429,-1.1438,-1.8263,-2.611
1,-0.056945,-0.46932,3.046,-1.2303,-1.5553,0.36843,1.7086,2.5961,-1.0239,-0.63215
1,0.60687,-0.047285,-1.1357,1.3285,0.24591,1.6184,-0.41724,1.4992,1.4421,-0.50001
-1,-2.6215,0.89516,-0.14057,2.3799,-0.50856,0.77688,-0.12427,-1.1599,-0.04848,0.91911
-1,-0.53963,-1.0464,1.3009,-1.8099,-2.759,0.22149,-2.3288,-3.0548,0.20816,1.1101
-1,-1.1805,0.87042,-2.7082,0.0038343,-2.3198,-1.8877,-1.8412,-4.5968,1.4488,-3.4872
-1,-0.060107,0.65055,-1.8351,-0.072141,4.3298,2.0303,-0.8638,-1.4458,-0.55754,-1.9173
-1,1.0162,-0.71785,-4.9495,2.7256,0.37181,1.7142,-0.52838,-1.0536,-1.1597,-4.797
1,1.1179,4.7841,0.19066,1.1478,2.3597,0.61348,2.136,2.7191,-2.2359,1.14
1,2.2932,0.11049,0.65121,1.7581,2.2898,0.23652,1.1595,-3.3058,1.1981,-3.1303
-1,0.59726,0.094901,-1.1508,0.68359,1.8287,0.40925,-1.2071,-2.3468,0.7713,-2.4252
1,-1.8085,0.067219,-3.775,-0.3067,-3.7723,3.5554,0.32428,0.47159,0.1602,2.7855
-1,0.086951,2.3736,1.6816,-4.0983,-0.28458,-1.2869,3.3684,-2.5893,0.94189,-0.89322
1,-1.8577,0.35907,-2.8492,-1.5113,3.2124,-1.0184,-0.906,-1.1082,2.6645,4.1301
-1,-2.2007,-1.0897,4.6191,-0.67077,-3.6324,0.71871,-1.8071,-4.2045,0.26104,1.0575
-1,-2.0559,-3.5106,-4.1935,2.6398,1.2663,1.9485,-2.1349,1.482,-2.3234,-2.0871
1,-0.62869,-0.17075,-2.1183,0.89703,0.069567,0.083816,3.5039,-2.9841,1.3858,0.29892
-1,-1.4755,-1.8467,-3.642,-2.3167,-4.1268,-0.59355,0.56528,0.60285,-1.3897,-0.40984
-1,-0.75224,1.9046,-0.41011,-0.37197,0.52076,0.7043,-6.8881,-3.6755,0.0047749,1.9075
-1,-1.4279,0.48534,-2.9612,-4.4967,0.20038,1.6046,-1.3652,-0.42141,-0.91873,0.69638
1,0.66909,-2.0386,5.6479,-0.36975,-1.0068,-1.8799,1.5808,-0.14653,0.06269,3.3683
-1,-0.67672,-1.9007,-1.1712,-2.5354,-3.4324,1.6113,2.5254,0.69638,3.7192,-3.1513
-1,-2.6881,1.7942,3.8854,0.29465,0.3412,2.3218,0.95921,-0.8828,-1.2444,0.84693
1,-1.0428,-2.8326,0.35255,1.0058,1.1696,2.6187,-0.55329,1.0808,-2.0697,5.3378
1,0.96516,-0.96269,-1.0793,1.3787,-1.8204,-0.32964,-1.267,-0.24666,1.8088,-0.25749
1,0.80568,-2.4108,2.588,0.64317,2.4696,-0.81336,1.9421,0.076401,2.5257,0.94446
-1,1.3038,2.8582,-0.34357,0.90399,-1.2475,0.36244,-6.2008,-1.877,0.29223,-2.483
-1,-1.0973,-2.147,0.59125,0.3182,0.6203,-0.16649,-2.0249,-0.17906,-3.3995,-1.3705
1,0.76375,-3.1717,-0.31364,3.7905,2.2737,0.17835,-0.39165,-2.1058,-0.10084,0.27738
-1,-0.72763,-0.51749,-1.4172,1.1943,2.0351,-3.7478,0.5384,1.2822,-2.7697,0.044235
1,-1.0048,0.060151,2.9708,1.989,4.2744,1.9215,-0.37183,4.1133,-0.99801,-1.1847
-1,-1.5182,3.9472,-0.17343,-0.8519,2.6657,-2.9704,1.2624,-0.13992,-1.4452,-1.7449
1,0.15286,2.0026,-0.75722,-1.7836,2.1778,0.19006,3.0406,1.0572,0.84102,0.078768
-1,-0.46392,-0.25406,-3.3838,-0.94845,-4.5329,1.0591,-0.78128,-6.2115,-1.5366,2.8132
1,4.2152,-0.39031,1.8847,-0.094316,2.212,-1.2363,0.16291,-0.83114,1.563,0.22758
1,-0.93876,-1.9151,-3.5187,0.13327,2.2005,4.5005,1.0169,-1.5916,0.049318,1.0447
-1,-2.1398,0.30296,-1.1429,-0.71925,0.16699,-0.46932,-1.6312,-2.35,-1.2528,-1.7877
1,1.2693,-0.79485,1.4038,1.3654,-0.6696,-4.0899,1.5937,0.40565,0.38418,4.0675
-1,-2.6114,3.3113,-2.0616,-2.6125,-2.3028,1.3793,-1.7559,1.4949,0.2074,-1.6075
1,1.475,1.993,2.7418,-3.6175,-1.5806,0.18846,-2.4319,2.5229,-0.16823,-0.98304
-1,0.22393,-1.3062,1.4095,-1.3751,-0.59757,1.1112,-1.1211,-1.9041,-0.72868,-0.99074
1,-0.52739,0.48273,-1.5028,1.4664,1.4024,-0.74544,0.66085,-0.35129,1.0712,-0.72509
1,0.76953,0.45668,0.98985,-1.3831,-2.9722,0.32334,0.48842,-3.3269,1.5536,2.2886
-1,-1.058,-1.9143,-1.1272,-1.9166,-1.0218,0.41162,-0.14337,2.501,-1.4198,-2.5702
-1,-0.53276,2.1505,2.3127,-2.7256,-1.8993,2.3232,1.8466,-3.1972,-3.605,1.8469
-1,-0.79475,-2.83,0.016898,2.0484,2.8344,-4.2768,2.7757,0.034897,-1.7205,0.57239
1,0.92614,-0.82993,1.8614,0.12851,2.162,2.1709,0.24332,3.4468,0.90565,-1.2934
1,0.84214,-0.94411,0.24991,-0.66487,0.3279,2.7848,2.8685,1.8797,0.6354,-1.7356
1,-0.25814,-0.44649,0.72805,-0.4456,0.54922,2.3479,3.5267,1.0693,-2.1929,-2.1919
-1,-0.45525,1.1626,1.0436,0.75149,-2.325,-2.4092,2.3843,0.033613,-0.19554,-2.6267
1,1.3885,0.06932,-0.33647,2.6209,-1.1392,-2.3625,-0.11135,6.0835,0.18986,-1.7453
1,-1.4498,0.53328,1.6586,-2.4254,1.1675,-0.68774,1.5512,0.46536,0.58348,2.9175
-1,0.11521,-3.005,3.4914,0.72945,0.88231,1.1765,0.14949,-3.4145,0.47725,-1.8066
1,2.2411,-1.8035,2.8166,-0.51847,-3.5929,0.043033,2.8298,1.197,-1.6879,1.1696
-1,-5.3326,4.8604,2.1026,4.3128,-2.9188,1.0473,1.8126,-1.6758,-1.0701,-4.1728
1,1.5101,-2.8362,2.7603,0.55822,-1.9892,1.2376,-0.17549,0.82292,1.8917,1.9744
1,0.89767,0.44177,2.8362,3.9041,1.0467,4.6138,-2.4468,-2.766,3.0337,0.093935
-1,-2.3285,-0.33559,-0.74285,-0.68884,0.84119,0.30258,-2.019,-1.3963,1.1584,3.8811
1,2.1775,-1.2141,-0.02555,0.95993,-2.2059,-0.46309,-0.85491,0.70703,0.64226,1.4657
-1,-1.2146,-0.29112,-1.0365,0.76053,0.79698,-0.62957,4.3736,-3.1964,-3.0368,-3.0935
-1,0.22773,-1.3937,-2.3551,0.58774,-1.9133,-1.6018,0.003833,0.24865,-1.433,-2.796
1,-2.6993,2.7148,-1.395,0.030001,-1.5562,1.5842,0.37485,2.4953,2.1855,2.0636
-1,1.6466,-3.0336,-0.83423,-0.97413,1.8441,-0.31001,-1.6609,1.5467,-2.0063,-0.74951
-1,-2.5521,1.5131,-0.69199,-1.2688,-0.64149,-1.105,-0.2482,-0.29998,3.8175,2.5341
1,-0.22279,-0.1486,-0.75872,-0.026242,2.314,-1.5873,0.18485,-0.74033,-0.97827,2.1604
-1,2.2213,1.427,-1.2923,1.7526,0.17059,-0.12127,-0.79004,-2.7594,-1.0328,-1.0214
1,3.0538,-5.3361,-2.6069,1.3237,-3.8983,3.4681,0.28173,1.9165,0.066123,3.8664
1,-0.85132,-0.53766,0.54065,1.7078,2.7248,2.1532,-1.9511,1.1069,-0.08841,-0.37187
1,1.9298,0.030415,0.91258,1.7351,0.7416,-2.8393,1.6493,-1.0368,-0.49025,1.0893
1,-2.1788,-1.9048,0.86355,0.52083,-2.0957,2.24,0.66683,1.7293,0.61962,0.90838
1,0.13507,-1.6561,1.634,3.9658,-0.13537,1.6013,-2.4168,-0.053796,1.3689,-0.068184
-1,-0.070221,-1.8218,-2.7614,1.3829,-1.2349,-3.7972,-0.63749,0.39388,3.3863,0.59594
1,-2.1599,-0.96899,-4.5481,-0.13768,2.066,2.4581,-1.5223,-0.89704,2.2016,1.6552
-1,0.66451,1.9829,0.8502,0.56875,2.8513,-3.1402,-4.1683,1.3399,0.49932,-0.50155
-1,0.55131,-3.0084,1.393,-0.70873,2.4871,1.0476,0.79715,-1.8193,-0.92385,-3.2882
-1,-2.2773,1.27,-2.2681,1.6829,2.7458,1.849,-2.9329,3.27,-1.3553,-3.0786
-1,-1.66,0.5942,1.0053,1.3227,-0.47248,0.73524,-0.40725,0.84607,-0.25917,-1.0423
-1,-0.19715,0.77734,3.4877,0.69677,-2.4268,0.26674,0.76451,1.3893,-1.3442,-1.6316
-1,1.5515,-2.1859,-0.30694,0.55513,1.8612,0.72855,-2.5055,-2.3613,1.1354,-1.2472
1,0.74551,1.5897,1.3739,2.6636,-2.5694,3.3248,-1.8669,-0.042096,0.33301,3.1498
1,0.91976,-0.16203,-3.1839,-0.96584,2.5327,0.40969,-3.0649,1.06,1.2768,0.996
-1,-4.322,-0.030543,0.77247,-2.0987,-1.4713,-1.6239,-3.9108,-0.22087,2.4984,-0.87932
-1,-0.77795,1.4644,3.276,2.3962,-2.8415,-4.0843,1.5469,0.14104,-2.0867,2.1277
1,0.8221,-2.8386,2.2424,1.743,-0.647,3.8441,-3.0476,-0.39556,0.23888,0.48629
-1,-3.5662,-4.0651,-2.439,0.22013,0.20486,1.6831,3.301,-2.4884,-0.093393,2.359
-1,-0.60229,-1.5927,-1.7613,1.3103,2.3994,-3.2925,0.43525,0.73665,1.2835,-1.3499
1,5.1846,0.16827,0.42016,-2.4325,0.032453,2.1911,0.67723,-2.1522,0.089689,2.7458
-1,-4.0699,-0.4632,0.32242,-1.2482,1.7624,-0.23061,3.0852,0.088884,2.4128,-1.8467
1,0.16489,0.86817,-2.397,-2.3806,-3.1649,8.0658,-0.068206,-0.8806,1.3681,-0.063971
-1,0.44732,-2.4082,-0.46216,-1.8434,0.31529,-0.87397,-1.4553,-0.83612,1.989,1.2325
-1,-0.98758,0.85075,-0.77935,-0.45716,-1.1442,-0.49307,-2.9536,-1.6632,-1.9128,-2.4893
1,1.6215,-0.018079,-3.8174,-1.6055,-1.6564,2.3453,1.0623,2.5653,-2.1139,-0.22913
-1,-2.3004,2.1905,-0.83138,1.3223,1.3741,-0.95394,1.5452,-0.26217,-0.44167,-2.3686
-1,-3.3626,1.7813,-1.4374,-5.2942,-0.71391,-1.3674,-0.95849,-0.66175,-0.3559,-3.8022
1,4.4704,-3.4929,0.14898,0.21444,-3.3961,-2.2356,-0.69981,-0.32555,3.9994,1.4613
1,3.9028,-2.8191,-0.35747,-2.2743,-0.24297,-1.4923,-0.32512,-0.87443,0.26539,1.1039
1,2.0009,-0.70118,2.2551,-2.1786,-0.64158,0.8569,2.8804,-1.0959,-1.6462,2.201
1,1.2123,0.69079,1.4608,3.1462,-0.53858,-0.20417,-1.0416,-0.017707,-1.3232,-1.5459
-1,-1.2953,-1.6879,3.6302,1.3222,-0.85752,-1.7922,-0.47867,2.1003,-2.3197,-1.3102
-1,2.3179,1.0099,-3.6635,-2.7148,-0.53043,-1.1281,-2.7305,-0.02287,-0.053358,0.43745
1,1.5961,-2.2182,-1.9078,1.9456,0.05906,-1.3877,-2.1776,1.2755,-0.4662,0.15361
-1,-1.8087,3.3872,2.0337,0.25692,0.6629,1.353,2.3878,-2.9598,-3.0207,-1.2987
-1,0.15597,0.2433,-1.6287,-2.9865,1.4892,-0.77517,0.1096,0.73557,2.8201,-3.9319
-1,-0.18277,-0.12055,-0.65611,-0.047418,2.4631,-3.013,-3.9036,0.78208,-4.1325,-0.56845
-1,-1.6087,4.176,0.58962,-0.10816,0.90357,-2.3256,-0.96122,-1.6158,1.1761,-1.6185
-1,-0.59498,-2.9881,2.4882,2.1003,-3.2301,-0.73776,-1.0027,0.44181,0.73077,-2.3851
-1,-0.3451,-1.1929,1.9159,-0.54572,-0.54135,-4.0592,1.5137,-0.023317,-1.1767,0.88826
1,1.8742,3.2261,2.1162,-1.1176,1.8249,-0.34218,-3.5035,-0.98346,-2.7392,4.0945
1,5.4332,1.349,-2.6992,0.8694,-2.2654,1.8795,1.191,-1.9062,-2.2713,-1.5308
-1,0.21565,2.5078,4.1978,-0.72985,-1.8753,-1.1678,0.76983,-0.17949,-4.6043,0.24984
1,0.2655,2.6737,-0.14379,5.7737,1.184,0.16767,0.18166,0.709,1.5436,-1.7426
-1,-0.22693,0.15707,5.4937,-3.3299,0.31349,0.37874,-2.9322,0.085456,-2.6428,-1.0094
1,1.8844,-1.0404,0.24796,2.6857,-0.12877,1.2537,0.89359,-0.13409,1.0875,0.8839
-1,-0.67386,-0.23008,-2.7776,0.88181,-5.0021,0.82535,-1.5815,0.02429,-0.19359,2.2176
1,0.33309,0.93588,-0.22889,-0.95582,0.38167,3.4787,3.4865,0.34663,0.13451,0.40188
-1,-3.6019,-2.5274,0.44358,0.21795,1.2767,-2.6093,-3.5373,1.0216,-1.0769,-0.42934
1,-3.04,-0.52243,-1.8099,3.9374,1.2869,-0.15047,-2.9791,1.5401,1.9407,3.8966
1,3.2108,-3.3803,-1.5474,2.2246,-0.28874,3.0667,-1.5489,-0.8024,0.78176,0.52045
-1,0.44461,-1.5202,-3.2,-1.0791,2.8437,0.70188,0.65051,-2.109,0.077707,-1.4889
-1,-2.6457,1.6428,2.6059,-2.7206,0.51189,-3.6722,1.4433,0.13061,0.2594,0.74219
1,0.94012,1.7384,0.76072,-4.4727,-1.2177,-1.4387,0.14318,2.7914,0.28405,1.0826
-1,-3.5479,1.6365,-2.2907,1.3941,1.9803,-0.14077,4.2804,0.14201,-1.5527,-1.1676
-1,-3.1343,-0.90158,2.2933,-2.2017,1.0283,-2.9848,-0.88812,-1.0067,0.68352,0.23929
1,0.086955,-4.2125,3.0682,-2.8102,1.2763,3.7173,-1.8852,1.3653,1.8019,2.141
1,1.2034,1.7589,2.7058,-0.55197,-3.7323,-1.0037,0.15854,2.7795,0.21191,3.7344
-1,-3.1507,1.1703,2.3832,3.9347,-3.0245,-1.2673,-2.1146,2.9406,-1.113,2.5206
-1,-2.394,1.0851,-2.313,0.74262,-1.2262,-4.2815,-0.37057,-1.3816,0.35957,-1.52
-1,0.93981,-1.0935,-2.8132,2.7309,-5.9372,0.18475,-3.735,-1.6946,1.0473,0.86386
1,0.81133,0.14767,3.1157,0.61016,0.050513,-0.51319,0.27396,-0.07003,0.26876,2.7591
1,1.6678,-7.1124,0.74378,-2.5253,0.58661,0.87717,2.0011,0.31666,-2.4384,1.2164
1,2.1147,2.6833,-0.37947,0.023648,0.84324,1.8911,2.1478,2.4487,-2.414,2.0543
-1,0.68319,1.275,-5.0162,1.128,0.49943,-0.43246,-1.0282,-0.31436,0.61234,-1.7197
-1,-2.6732,2.7272,-1.532,-1.333,-2.3725,0.014337,-0.54614,3.112,-0.81436,-1.4756
-1,-3.782,-0.28678,1.2926,1.3155,-0.15531,-0.85264,0.54329,0.50316,-1.8827,-1.2241
1,0.6477,-1.2594,-0.85226,-0.6369,0.30441,1.0751,0.33679,2.8549,2.2534,2.909
-1,-1.2126,3.1299,2.5061,-2.0153,-1.8628,-0.067223,-2.5266,1.8397,-1.3774,-3.4083
1,-0.61,0.1218,-3.5232,0.24918,0.80466,-2.2261,-0.24061,-0.0075754,0.59467,3.2836
1,1.3696,-0.11962,-2.1713,-1.3506,0.77205,1.3923,2.4744,-0.7782,0.37549,1.9031
1,2.1118,1.5722,2.0295,-0.54448,1.345,0.49762,-1.5951,-0.57428,1.9187,-3.1152
-1,-1.0079,0.33005,-1.8322,-0.73975,0.010959,-1.4983,1.6124,0.69015,-3.411,2.4121
1,3.1544,2.0683,0.62017,6.5879,-1.006,1.2582,1.0041,1.9328,1.633,1.1499
-1,-1.4508,0.59953,-1.2063,1.9295,-2.5167,-0.92534,-1.3431,-0.79788,-0.47744,-0.25098
1,-0.35308,2.9957,0.7334,2.4147,-1.0349,0.52952,-0.30462,1.8218,1.4788,1.2544
-1,-1.3034,-3.503,-1.3344,1.9577,3.9884,-2.0069,1.3296,3.974,-4.5726,0.80609
-1,0.31216,-2.9329,1.5659,0.72107,-0.33875,-0.55925,-1.6961,-1.0972,1.8468,-0.060303
-1,-0.61404,-1.3984,0.50858,3.0261,-1.0505,-2.1387,0.48084,0.1655,-1.047,-3.3075
1,-0.42197,0.47164,-2.7737,0.15801,2.6556,0.93946,1.494,1.9814,1.7988,1.8421
-1,-2.4533,1.6348,4.1103,2.054,-1.0645,1.8582,-1.9105,3.1944,-3.758,0.62292
-1,-1.7731,1.0711,-0.35172,-0.58926,-2.8958,-0.50961,2.5433,1.5063,-0.51517,-0.44489
1,1.2483,1.6512,1.82,-0.64138,-3.5677,2.5999,-0.1114,1.9702,2.4088,1.3025
-1,-1.3235,-1.3432,1.3047,1.1358,-2.0982,-2.3284,-2.8122,-5.1364,-1.3878,-3.9803
1,1.3916,-0.83092,-0.4608,-3.3968,2.1597,2.7759,2.8705,-2.1227,-1.4558,1.6108
-1,-0.50384,1.5872,1.1607,-2.1065,2.0088,0.26131,-1.49,1.416,-2.0866,0.30322
1,-1.4483,1.6559,0.77913,-2.5052,-2.3795,1.5142,5.4223,0.38266,2.0149,4.2434
1,-0.89777,-0.0026518,-0.39458,1.4251,4.0871,1.2274,-0.93582,-0.5122,1.6117,1.856
1,-0.72722,-1.0135,-1.145,0.33367,0.98153,3.2838,-0.3052,-0.36515,3.653,-2.4844
-1,-0.21681,-2.8537,-1.223,-2.6885,1.581,-2.9921,-0.73124,-1.8905,-2.2231,3.634
-1,-2.4342,-0.52402,-1.0202,1.004,-2.2757,-0.56361,3.0593,-1.4821,1.9786,-0.63806
1,0.66386,0.87296,-3.9894,0.34804,-0.35613,-2.6911,0.65936,2.1211,-2.0486,2.0818
-1,-1.4259,-2.5216,1.4665,1.1352,2.0725,-0.29115,-0.72182,2.084,-2.3095,-1.8182
-1,-0.31294,-0.74222,-0.13409,-2.3023,-0.034789,2.3991,-1.8164,-3.1119,-1.3183,0.12222
1,0.18327,1.9677,0.66766,0.85838,1.9479,-0.086245,-1.7749,-1.482,0.19701,0.48811
-1,1.0654,-1.3103,-1.6223,-1.129,0.65257,0.42984,1.6872,-1.269,-2.8122,0.27359
-1,-2.0898,0.84875,0.98905,-1.7437,-0.2124,-0.020007,-1.0076,0.44905,-0.075482,-0.46549
1,1.5108,-1.1391,1.4921,-0.39762,0.079481,0.029027,0.55255,3.6365,-1.0231,3.4559
1,-1.8474,-2.7673,0.41557,0.76972,0.11204,0.59285,1.6147,2.9197,-2.089,3.6076
-1,-1.7243,-0.98917,0.22358,-2.9274,-1.7494,-1.9638,-2.5195,-1.8991,-2.0635,-1.0031
1,-0.73678,-1.3373,-3.8108,3.5791,-3.295,2.4067,2.621,-0.95718,-2.4248,2.7976
-1,1.1388,-2.1628,0.17088,-3.3176,3.7698,1.3276,-2.7765,3.2309,-3.4731,-2.3084
1,1.1294,1.7436,0.2973,4.2415,-0.76029,-1.2182,0.8078,-2.4874,-0.63658,0.92156
1,-0.85749,0.019261,-1.3857,2.5691,-0.19394,3.3714,-1.5518,-1.0692,-0.45377,1.2202
1,-0.79448,-1.9369,-2.7365,0.61,-2.5091,1.7019,1.8431,1.6756,1.0712,-0.6292
1,1.4217,-0.47091,0.88594,2.7157,1.3314,3.4004,-1.4297,-3.298,-0.57159,2.3015
1,2.7317,1.7889,-2.7052,-3.8727,0.36595,1.7624,-1.2429,2.8365,-0.33232,-2.5378
1,0.56106,-2.1018,-0.97934,-1.5404,0.35079,1.859,-0.31307,0.62928,-2.1541,0.69279
1,1.2166,1.5561,0.54369,-3.062,2.6543,-0.39271,2.0109,0.84744,-3.7602,0.4814
1,3.3378,-2.0397,0.41676,0.85952,-0.57449,-2.3122,-0.29388,2.0979,0.87543,-0.70668
1,1.7048,0.94985,1.9869,1.4177,-0.16549,0.61964,1.4886,-0.39723,-1.6328,1.6605
-1,-1.066,-0.86874,0.74638,-4.0119,2.3536,-0.26698,1.3037,-0.76226,-2.3809,0.44748
-1,-1.2836,-2.7005,-0.52229,3.404,-2.0091,-1.6338,-1.5756,1.1682,1.7113,-0.2481
-1,-2.3087,-2.7341,3.1127,-2.8222,-2.4405,-1.6554,-0.37052,0.98633,-1.1622,1.2369
1,0.48141,-1.2572,-3.118,0.38772,0.084403,1.0278,-1.6321,1.2065,2.6075,0.44052
-1,2.7779,0.34909,2.953,-3.001,0.53668,-0.76455,0.84267,-2.5133,-2.5526,-0.94347
-1,-2.402,-0.12924,-1.1117,0.52762,-1.3237,-1.8005,-0.64573,0.4451,2.2154,-0.44123
-1,-0.90716,0.51784,-0.70848,-2.8142,-1.372,1.2247,-4.404,0.24682,1.9525,1.4417
1,0.74991,1.3406,-1.148,-0.60611,0.46037,-0.91758,2.1253,-1.1644,-0.5774,1.723
-1,2.7463,-0.33311,2.3265,-1.9805,-0.74892,-0.20606,-0.47422,-1.7815,-2.7841,-0.56564
1,2.9898,2.1283,0.44412,1.8838,-0.33051,0.52143,-0.2126,0.49639,-1.604,1.2923
-1,-3.2583,-2.1791,1.2146,-0.026975,-0.10908,-2.9649,-1.731,2.24,-0.25029,-4.5862
-1,-0.11934,2.0367,2.6278,0.053669,-0.13382,-1.4115,1.4098,-2.2317,-2.7109,-1.0378
-1,1.8604,-1.7587,0.52693,-1.625,3.549,1.0099,-2.4104,2.1736,-2.6773,-3.1703
1,1.1917,-1.0373,-2.0441,2.1751,-2.4736,4.9478,-0.23565,-1.1328,4.1138,1.5538
1,-1.4196,1.9551,-0.71679,1.4192,2.1002,-0.020704,-0.050384,1.4748,-0.27196,1.9207
1,-2.092,-0.42257,1.4597,1.559,-1.6722,-0.66876,0.54503,0.67148,1.821,1.5601
-1,-2.8321,-0.95886,-0.068061,-0.9585,-2.0325,-1.0282,-2.4535,-2.8425,-1.3375,1.8614
1,-0.68055,2.6822,0.26428,0.59669,1.8201,-2.225,2.2373,-0.010185,-0.85714,0.081452
1,1.0273,0.16934,-0.96736,2.3585,-2.1855,0.19473,-2.78,0.46218,0.21346,-0.25283
1,1.6075,-1.9477,-3.2695,2.707,6.5934,-0.96741,0.65618,1.1165,1.5504,-1.5645
1,-1.0238,0.61485,-1.4834,1.5235,2.4076,3.0881,-2.1883,2.8018,-1.4229,-1.919
1,1.0471,-0.8178,-1.4754,0.71987,-1.4785,0.01356,0.27766,-0.40516,0.13106,0.46296
-1,-0.71093,2.8077,-1.2513,2.5373,-0.64183,-1.182,1.0055,-6.3579,-1.5815,3.1656
-1,0.81429,1.1348,-2.3411,-1.0378,-0.93689,-1.8216,-0.051723,-0.63145,-2.6157,-3.2537
-1,-2.0943,-2.5935,-1.4213,-2.6997,-0.41112,-0.84357,-0.88675,0.87323,-0.33019,-0.53386
-1,-3.8733,-0.095029,4.408,1.0564,1.4049,-2.7135,0.61731,-1.4755,0.94784,-2.939
1,2.4138,-2.4671,-1.1475,2.8318,1.2256,-2.3277,3.1978,-1.8792,1.1406,1.1049
1,4.7486,2.219,-0.092161,-0.60311,-5.7749,1.9914,-3.1242,-0.635,1.8604,0.72443
-1,0.53883,-1.1604,-1.4892,-0.42393,1.7051,-1.3363,0.30712,-0.82328,-1.6884,-1.8923
1,0.024804,0.9018,-3.0296,-1.4879,1.2568,-1.3788,0.96629,1.6541,-2.0732,1.3227
-1,-0.24866,0.70607,-2.1756,0.6245,-1.0303,0.5417,-1.5592,-2.9253,-0.51454,-1.5881
-1,0.68549,-0.93575,1.7512,0.4259,-0.9137,0.3125,0.58037,1.4737,0.024404,-6.0437
-1,1.5605,1.5922,0.48605,-1.1946,-0.6152,-0.79242,0.89365,-0.62583,-1.7234,-0.38159
1,-1.5023,-0.53328,-3.0629,0.30171,-1.4186,3.7124,2.3838,1.1258,-1.6299,-0.63089
1,-1.0452,2.0245,2.8765,1.3402,1.7358,3.5433,0.50007,-2.0675,-0.69141,0.32007
-1,-3.8115,-0.35039,1.1644,-0.026441,-0.47029,-0.60347,2.3402,1.0439,-0.3543,-1.659
1,5.2292,-1.8348,1.1166,0.4941,-0.5663,0.98725,-3.0713,-0.2449,-0.80328,0.63059
-1,2.3109,2.0273,-1.2201,2.1049,-2.8882,-0.80278,0.62178,-3.2804,-3.9294,-3.7721
-1,-2.7718,-0.96794,3.4329,0.2961,-1.6287,1.2084,0.59477,2.2951,-1.6477,-2.1753
-1,1.5124,-5.323,0.27943,-2.8053,-3.1621,2.3866,1.8994,-2.0703,-3.0974,-3.1995
1,1.0958,-3.6989,-2.8393,0.68824,-0.22465,1.3422,-1.5439,0.25492,-0.18997,3.4807
-1,-0.89049,-1.7144,0.3107,-0.14549,-2.4365,-0.38368,0.01004,2.7418,-2.5311,-2.4759
-1,-4.0776,1.8494,1.3127,-2.8801,-1.9853,-1.1799,-1.3741,0.89316,0.21831,0.17012
1,1.9647,-2.3608,1.0367,3.7966,0.85288,1.8324,2.1404,2.7692,-2.3136,-0.30024
1,-1.6635,-1.241,-3.6025,0.99,0.32128,6.3922,1.2175,0.0036942,-4.4834,1.1814
-1,-2.9134,0.27766,1.3713,3.5625,0.52737,-3.0406,-1.2461,2.61,0.201,0.56073
1,1.2586,-1.9744,-1.1725,-1.2129,2.7878,-0.12287,-1.9838,-0.61949,1.8318,0.6851
-1,2.2916,-0.75702,-4.7442,-1.7288,0.16296,-1.1362,2.1974,-3.1149,0.47005,-0.49703
-1,-5.3438,3.8442,-2.0948,0.6449,1.5701,-1.0505,2.1277,1.5044,-1.8562,1.5838
-1,-0.48747,-3.6687,1.1952,3.7229,0.98968,-0.8269,-2.2755,0.13081,-1.4563,-1.9558
-1,-1.2043,-3.3856,-0.38921,0.5193,0.3729,0.52283,-2.0263,-2.3994,-2.5394,-0.64845
-1,-1.4679,0.2603,4.7925,-1.951,0.55018,-3.0823,-0.92735,1.059,-4.2206,2.0253
1,2.3181,0.9456,-1.5696,2.6531,0.26268,-1.2147,-2.6535,-0.62463,0.50827,1.9573
-1,-1.2597,0.84678,-2.1143,-2.3688,2.3085,-2.8958,1.7805,2.4393,-0.93,-1.1816
-1,-2.6455,-1.2927,1.5336,1.6492,-0.29094,-2.85,-0.85255,-0.96443,-1.3744,-1.0915
1,3.6517,0.3368,-1.0018,4.0223,0.44111,4.1984,2.4476,-4.7886,-3.4284,-3.6108
1,-2.0527,0.35121,0.55394,2.1999,-1.4317,2.0934,0.30991,-0.1898,0.49626,2.2038
-1,-0.65692,-1.6161,-0.75432,2.8761,1.4269,-2.1446,0.81185,-1.8482,3.0875,-3.9901
-1,-3.2323,1.6392,-1.071,0.79065,-1.0745,0.30816,-4.166,-1.5163,0.143,-2.9498
-1,-0.43511,-0.5666,-1.2583,0.090518,0.0047362,-1.6159,-0.10375,2.0572,1.8247,-2.3796
1,2.7561,1.0615,3.457,-0.53548,1.1131,4.4194,-0.43192,0.70045,3.3384,1.6443
-1,0.35625,4.068,1.4921,-4.2751,-0.32408,-1.5098,-2.0907,-1.3374,-0.7774,2.4524
-1,-3.0771,-1.8621,-4.4334,3.1372,-3.3591,-1.6019,3.6759,0.41225,3.4792,-0.027674
1,-0.65981,-1.004,-3.546,-0.18894,3.1935,1.9478,1.4221,-2.8213,2.4854,2.6661
1,2.4173,-1.8946,1.7589,3.6909,3.6505,0.58783,-0.47232,-2.518,0.24121,-0.28811
1,0.95166,-0.72184,0.30711,1.8183,1.5344,3.4535,1.7538,1.4318,0.17473,-1.4863
1,0.48312,-3.6054,-1.5812,1.9066,-1.2162,1.7822,1.4667,0.79926,-0.638,1.4532
-1,0.28361,-0.47277,2.4816,2.6303,5.3141,2.0682,0.5231,-5.0659,-2.2732,-1.8319
-1,-1.4553,1.5222,0.62674,0.94363,0.2702,-0.26521,0.8159,-0.54559,-4.0497,-1.9305
-1,2.5335,-3.3391,3.2761,-0.66171,-1.2849,0.45225,-0.75571,2.3808,-2.3592,-4.1825
1,1.4988,-1.9833,2.8539,0.74787,-0.56861,0.95735,0.10167,0.82385,0.71165,0.51473
1,-2.1265,1.045,-0.43369,-2.1121,2.3222,3.9706,2.615,0.94168,-0.6316,0.48699
-1,0.14825,0.86969,-0.51458,-1.894,0.54283,-1.703,-0.94009,2.1174,-1.0888,0.61024
-1,-0.47012,-1.3662,0.024209,-0.29576,-1.4161,-1.1967,2.8455,1.355,1.3204,-0.76467
-1,-0.51768,-3.2888,0.89539,-2.205,2.2358,0.34823,-0.38143,-0.033202,0.52657,-1.6316
1,-0.91246,1.9191,-4.3623,1.7161,2.1097,0.90982,1.4822,0.90172,2.0123,-0.048238
1,-2.0929,-0.65986,2.1741,1.0748,-1.1798,2.7567,0.23923,-2.9865,0.86904,2.3731
1,3.0651,-0.22445,-1.5818,-2.7375,0.59152,1.1419,1.5616,-0.77451,-0.66998,-1.0948
1,0.28518,-0.91253,1.3416,-0.21576,-1.4568,0.51535,1.37,1.444,3.0301,1.977
-1,-0.5503,0.53954,1.153,-2.3774,1.9819,-1.2455,3.1813,3.3323,-0.72219,-2.4655
-1,-1.2159,-0.77012,1.341,0.49199,1.1978,3.0555,-0.11836,-0.19395,-1.0088,-1.2258
-1,0.78465,1.2572,-0.72988,-0.28182,-0.66072,0.0018013,-1.3405,-0.5621,2.1685,-5.4615
-1,-0.82389,-3.0737,1.0632,2.1311,2.3764,0.73897,1.7742,0.27421,2.5661,-5.1151
-1,-3.6134,-1.1638,0.92608,2.0737,2.7241,-3.6698,2.4873,3.7117,0.087985,-2.7595
1,6.0507,-1.7044,1.1281,-0.71509,0.26686,3.7333,-1.4458,2.1985,3.3682,1.5269
1,1.4302,2.4886,-0.73782,-0.46169,-1.0082,2.1007,1.7195,1.7447,-3.0621,-1.2866
-1,-1.536,-3.1837,-0.50114,-0.56011,1.4706,1.8773,-1.888,0.4759,-0.76253,0.75148
1,2.7864,-2.5306,0.013357,1.0306,-3.3894,2.2065,0.63637,4.8422,1.691,1.5847
1,3.0913,-0.6137,2.3501,-0.28388,1.1759,0.30184,-0.56971,-1.992,0.0018565,0.22914
1,0.093201,0.052635,-0.43115,1.1543,1.4916,1.6929,-0.04339,-1.0211,3.2111,-0.33625
-1,-0.8455,-1.5143,-0.24308,0.11805,-0.78299,-0.1785,-2.4647,-1.3148,-2.2586,0.070595
1,1.8169,-1.1368,-1.7877,-2.098,1.099,0.47181,0.28258,2.2472,-3.0116,2.7275
1,-3.172,2.0708,0.46924,-1.0573,1.3213,1.7978,-0.49323,1.7546,3.3612,2.1938
-1,2.7976,-1.7444,-2.2436,-3.6095,1.9407,-1.5969,-1.7621,-2.3513,-0.44525,-1.0313
1,0.44353,-2.1003,-0.6174,0.29928,3.2292,2.4444,-0.64573,3.1133,1.9997,-1.6725
1,-1.1847,-0.55535,2.8617,-0.54101,2.5764,-0.19744,4.1517,3.2749,-3.7799,1.7515
-1,-1.0127,-3.2365,-1.3857,2.4161,-0.9616,2.688,0.62599,1.107,-2.6511,-2.0167
1,-0.54712,-0.52413,-0.39376,2.2278,-1.5104,1.2846,-2.2216,-2.1936,0.42595,3.8911
-1,1.7843,-4.1982,-1.3428,-1.5698,-2.4925,2.608,0.041213,-3.1117,0.61943,-0.58348
-1,-2.0314,0.95107,-1.8161,-0.051992,-1.4664,-3.4928,-1.1576,-0.39926,0.83427,1.2874
-1,-1.0016,0.40607,-0.79753,0.23103,-2.7743,1.1159,-0.2317,-0.33323,1.4756,-2.3049
1,1.5566,-2.1287,0.61402,-0.45347,-0.92745,1.306,2.018,1.0522,0.40195,-0.27857
-1,-3.7069,-2.4065,2.1354,-0.22554,-0.38553,0.0013993,0.36081,-0.3079,1.4876,-0.77894
-1,-2.4705,1.2125,3.1406,-1.0245,1.8695,-0.35089,0.011812,0.80593,-1.033,1.1476
1,-1.1093,-0.67904,0.49202,3.6185,0.092703,-1.8659,2.4642,-0.22491,1.5916,-0.77519
-1,-0.70287,-2.04,1.5807,0.90319,-2.2055,-1.312,1.0057,-1.7268,1.2725,-3.3462
1,1.6309,-0.95261,-0.81162,2.0773,-1.5694,-2.2088,3.0441,-1.7026,1.168,1.2346
1,0.62095,0.89373,-1.1051,1.8667,1.6209,0.73337,-3.9654,-1.2452,-1.1374,2.6623
-1,2.0523,-0.73858,3.0652,0.43563,1.3237,-4.387,-1.1952,-1.4313,-0.20495,0.69819
1,0.20895,-1.9383,3.4571,1.4493,1.0093,2.5314,-0.50782,-0.030227,3.0724,2.6488
1,-2.9964,4.2026,0.67776,-0.98239,-0.4689,-0.99806,-1.176,2.0965,3.7191,2.5261
1,1.1959,1.6979,-1.6982,3.2299,3.3313,-2.6617,-1.4587,3.1345,-0.22213,-0.59001
-1,-4.5128,0.016468,-0.97053,-1.0187,-3.0036,1.0649,5.7014,-1.0697,-0.10645,0.84169
-1,-1.3988,1.1598,0.08601,-1.1292,-0.081286,1.4004,-1.8314,0.30791,0.17658,-1.6068
-1,2.5364,-2.4765,1.5225,-1.7613,-0.38643,2.2141,0.59138,-3.678,-1.609,-1.7894
-1,-1.8292,0.86309,0.41118,-2.6433,6.7069,0.24599,-3.7231,-0.36188,-1.1913,-1.6203
-1,-1.7152,2.5853,0.73294,-0.011602,-0.23151,0.10347,-0.81557,-2.0547,-3.688,0.31265
1,-0.84791,-1.7715,-0.55868,0.86022,0.011711,1.4403,1.2113,1.5682,0.38624,-1.5171
-1,4.304,3.3932,-2.4288,0.38859,-3.5841,2.3612,0.12666,-1.9426,-5.7973,-4.4887
1,4.2488,-3.5903,1.5133,-1.4267,0.69675,2.2221,1.2257,2.2765,0.71578,-0.89377
1,4.123,2.2922,-2.5505,-2.2987,1.5523,0.75005,0.52444,0.46475,-1.2542,0.63046
1,4.0303,-0.33912,-2.4658,-4.7221,1.4888,0.19738,0.63359,0.086497,-2.6721,2.321
1,4.1292,0.58549,0.83141,0.25417,1.0834,-0.64409,-2.0319,0.95638,-0.33278,0.21561
1,-2.6634,1.7413,0.36102,-1.1023,-2.7981,1.0585,0.19758,1.1735,0.50666,3.1086
-1,-0.65894,-0.68533,0.18273,3.0516,-0.5967,0.19558,0.55232,-0.12425,-0.14891,-1.3314
1,-1.5866,-0.81294,-0.050038,0.93518,-2.7137,3.2287,-0.4482,-0.31744,2.5245,-0.61297
1,1.1832,-1.2071,-3.1568,0.3217,-0.63828,1.9059,-2.8698,1.8861,-0.97962,1.371
1,1.251,0.51211,0.10395,-1.5832,1.445,0.5409,2.8177,-0.82932,2.067,4.4198
1,-0.78443,-0.90126,-0.14349,-0.17358,-1.3327,1.0955,-0.16323,0.60749,-0.70089,5.3714
1,1.6096,1.2911,1.1207,-1.3138,1.1429,-2.3367,3.9782,1.6456,-4.1897,0.83062
-1,-0.62148,0.9463,0.12537,1.4139,0.015607,-1.6901,0.022358,2.0265,-0.18413,-1.0413
1,0.46229,-1.7692,-0.83484,-0.93797,-1.0121,5.0463,4.2875,-2.1308,0.02806,-1.4169
1,4.0345,4.142,0.23578,-1.7541,-0.43197,2.4067,1.2341,-2.6967,0.52183,1.173
1,1.7802,-1.9225,-1.328,-3.1382,0.682,0.7582,2.2786,-5.303,-0.57828,3.4415
1,0.092853,-0.39334,-0.2767,-0.44394,0.33271,0.26662,-2.0536,1.2445,0.52338,0.88648
-1,-2.1128,2.5051,-0.88698,0.70123,3.0516,1.4776,-3.5271,0.041404,0.48334,0.023294
-1,-2.0515,0.99547,-0.59454,-0.32492,1.9791,-0.94972,-1.0868,-1.4224,0.49967,-0.52494
-1,-4.2798,-1.3723,0.85966,-0.20253,-0.056796,4.6108,-2.9143,0.49704,-2.6509,-2.0417
1,-0.10574,-2.3603,-0.034201,0.89205,1.3746,3.2527,-0.89029,1.5056,-2.4091,1.6407
-1,-0.069845,-0.19154,-0.45833,-0.47347,1.6242,-1.5256,1.1256,0.92974,-0.59959,-2.9519
1,0.47486,3.5885,0.8071,-1.7397,-2.0148,-0.92407,1.402,2.0445,-0.39159,1.7461
1,3.875,0.19484,0.94967,3.8771,-3.8478,-0.6546,3.2015,0.45306,1.829,-2.3464
1,3.2124,2.1471,1.9891,-0.97112,0.47716,-0.07204,2.8378,-2.2757,-0.14679,-3.3322
-1,0.57682,1.1749,-1.1542,-0.75706,2.5037,-0.42722,-2.2428,-1.1395,-1.2752,1.0351
1,-0.38674,1.9525,-0.3126,-0.27257,0.82604,-0.3339,-0.69749,-0.35182,2.6155,0.010494
-1,-4.118,-2.2138,0.16806,2.845,-4.4767,-1.9562,-3.69,-0.051862,-0.59617,1.7385
-1,-3.6898,0.81083,0.62296,2.932,0.52577,0.52369,1.9844,0.10268,-1.7503,-0.15154
-1,-0.31699,-4.002,-2.5411,0.64646,-0.47023,-2.5075,0.58398,0.96008,1.8419,0.36827
1,1.4109,2.4113,-4.5166,2.3249,-1.7789,0.42727,1.9128,-1.4317,0.8564,0.96983
-1,-0.67494,-1.0678,-2.3673,2.211,0.14215,0.43903,-0.63559,3.1443,-3.0847,-2.7475
-1,2.4303,-2.8919,-3.4496,1.6077,1.1631,-0.18007,-1.4141,-1.8783,-1.4529,-0.10245
-1,1.0768,-1.1252,-3.2083,0.053358,-1.4697,0.62398,-4.4047,-1.6312,0.97898,-1.933
1,2.8588,1.4906,-1.6543,0.22326,-0.070528,-2.6646,0.33597,0.819,2.5041,1.9612
-1,-3.4267,1.0855,2.2858,-0.93017,-1.584,0.80515,-0.50373,-0.86929,-0.66409,-0.89989
-1,-4.2081,-2.1665,0.88127,0.039724,1.5536,-4.4646,3.4145,-2.1654,1.0211,-0.62461
-1,-0.50764,2.6344,0.30635,-0.26741,-4.5701,-0.53609,-2.563,-0.66519,-2.0915,0.74787
-1,-0.49322,-2.6371,-0.88728,0.66073,-0.60432,-1.9348,1.0656,0.79177,-1.5608,-0.33414
1,-1.0181,-1.8644,-1.6706,-4.0422,0.77377,5.7275,0.62798,1.4298,2.9023,-2.3409
1,-1.2146,-3.9258,1.5116,-1.2021,-0.11064,-4.3472,2.8928,1.5623,-0.97353,5.7359
-1,-2.737,-2.6242,1.5172,1.7871,-1.1022,-0.65841,-0.8861,-1.161,-0.70329,-0.44916
-1,1.4,1.8969,0.48444,0.20057,-1.3923,-2.8174,-0.36018,-1.8347,-2.8528,2.5702
-1,0.82741,3.6831,2.3695,-1.5164,-2.6935,-2.2955,-1.5162,-3.1376,0.12013,-2.2188
-1,-2.7369,0.61834,0.85731,0.28918,1.959,0.71606,0.37843,-2.3145,-2.5359,-0.87431
1,1.1298,0.25719,0.87445,-0.022691,2.3719,-2.8103,6.0962,0.17902,-1.8006,-1.0684
1,-5.9273,1.8118,0.91368,0.66199,3.7329,1.5397,3.8611,1.0319,1.9381,2.8624
-1,1.8912,-0.57619,0.30302,-1.229,-1.4588,-2.5424,-0.60287,0.23009,-3.3125,0.33581
-1,0.33556,0.34203,1.097,-3.0281,-3.0201,1.1758,-3.1368,-0.11056,0.6613,-1.1983
-1,-1.1082,3.248,-2.3925,2.2054,2.0878,-2.3859,-2.7429,1.2364,-1.8809,0.82259
-1,-0.37567,2.2825,2.1708,0.24052,2.5614,-1.2472,2.0202,-3.5238,0.72571,-0.34828
-1,0.87627,0.39305,-0.60268,-2.6088,-1.1895,-1.3275,-1.2244,-0.42936,-0.47418,-1.3605
-1,2.7443,-1.1603,-2.7356,-0.39339,3.7311,-3.9674,-1.5461,-1.5553,-3.9387,-1.1605
1,0.65693,3.2348,-0.72097,-0.39565,2.1017,0.34754,0.6223,-0.77162,4.0715,3.5709
-1,-2.3695,-0.45201,-0.51838,1.9275,-1.0597,1.328,-2.6136,0.14243,0.80632,-2.5827
-1,-0.91359,1.8973,4.2287,0.85727,0.38128,2.8089,0.67826,-1.6765,-0.30602,-2.236
1,0.89896,1.1873,-1.227,-1.5034,2.1717,-4.3839,1.7782,-1.445,3.5726,1.2813
-1,-2.0429,-1.8335,1.6407,-2.6103,0.59506,0.035194,-2.472,1.3286,-0.4106,-0.059142
1,-0.098082,1.4909,-0.43597,1.83,-2.394,-0.008043,-2.1651,-2.8642,1.3084,3.9059
1,0.72973,-1.0017,0.40161,-0.23495,2.5841,1.0748,0.36288,2.2429,3.3764,0.60818
-1,-1.3137,2.9529,0.35097,1.4148,2.0453,-1.0173,-2.6346,-0.52169,3.2294,-0.6286
-1,-0.36234,-1.8062,1.884,-0.36582,-1.9301,-0.1837,-3.7587,-0.9967,0.15358,-0.091941
1,1.9287,-2.5017,0.062446,1.0535,0.69175,0.90483,0.62555,0.31182,-2.8168,-0.3037
-1,-0.022694,1.9978,0.096752,-1.2425,-0.13692,-1.4484,0.35886,-0.72175,0.1624,1.188
1,-2.7249,-0.47857,-1.9174,0.16391,0.42331,-0.61828,2.8805,1.5347,2.5561,1.9558
-1,3.6939,1.1082,1.2433,-0.72926,-2.7733,-1.098,0.77324,1.7108,-1.5537,-3.9862
1,0.97972,1.6674,-1.1168,1.7374,-0.47183,0.9578,0.45485,-0.99542,-1.8579,-1.3424
1,2.9638,-2.6024,1.137,-0.68271,0.12831,-1.3924,1.8583,-0.59509,-0.97368,-1.559
1,-0.16624,1.023,-0.082811,3.2115,-0.077358,-1.85,-2.0418,0.45073,2.5176,0.66003
1,0.51246,0.45502,0.37746,-1.6776,-1.0174,0.62687,3.9161,1.9459,2.1039,1.4838
-1,-2.818,2.3315,-5.458,-0.69509,1.2032,0.38375,0.98015,-2.0575,-2.2518,-0.0049525
-1,-0.78159,-2.3291,-1.6511,0.30197,-4.0737,-3.0507,2.0941,0.058999,4.9288,0.8934
-1,1.3615,-1.5415,3.0569,-0.28243,-3.4031,-3.2257,-1.0779,0.57201,-4.573,-1.5458
1,-0.83841,1.2654,-0.4736,-3.0519,0.19574,4.3344,-0.66091,0.15176,1.8025,-2.182
-1,-4.9125,1.6543,-1.1076,3.7473,-1.9992,-0.26505,-3.0629,-1.2872,0.21483,-0.95414
1,2.43,0.10421,-1.2392,2.0405,-4.0166,0.087688,1.1115,1.2852,1.3972,-0.25677
1,1.8976,-0.026073,-3.9112,-0.22266,-1.5805,-1.8884,-0.75127,-1.5494,-0.40167,2.6813
1,2.437,3.1575,-1.2823,0.55322,3.9435,1.1467,-2.0219,1.503,1.9197,-0.73577
-1,-1.4421,0.73575,1.5073,0.9189,-3.1772,-0.55097,-2.799,-2.5318,1.5135,-0.32248
1,0.21398,-1.221,2.0995,-1.7855,-3.6792,0.81267,0.95648,-0.073657,4.483,0.044798
-1,-0.83198,0.26076,-0.90295,2.3061,-2.9805,-2.227,-0.1556,-1.2315,-0.4288,-0.015846
1,2.6961,1.4389,-2.4586,-2.0257,-0.70551,4.1389,-1.4975,-1.012,-0.97478,-0.43448
-1,-4.8083,1.5676,-2.1551,2.1301,2.3421,-3.6862,2.5376,-2.2802,-2.6563,-0.76068
-1,-1.912,-3.585,1.1716,1.4712,0.81844,-0.93671,1.6583,0.75648,-1.4482,1.2252
-1,-1.8483,-2.6527,0.09192,0.57214,-2.571,3.3433,-0.74566,1.6709,-0.18049,-4.0923
-1,-3.5186,2.2363,-2.0212,4.7213,-0.0044222,1.9342,-0.72174,-1.5229,2.2322,-1.6914
-1,-3.7681,-3.1911,1.8599,-0.74631,0.98744,0.93631,-1.7973,0.21333,1.5298,-0.25368
-1,0.43409,-0.22761,1.8302,-2.1161,1.9629,-2.0064,-1.4402,0.11914,-1.6323,0.89392
1,1.6062,3.1339,2.1057,1.5081,1.1562,0.76485,0.29983,1.5613,-1.1226,0.23205
-1,4.0626,1.3409,0.6858,0.36675,3.5855,-4.8225,0.24005,-0.98302,-1.9442,-2.8265
-1,-0.3618,-0.39804,-0.88876,0.76684,-1.0399,-0.15605,1.9046,-2.2993,0.8069,-0.89566
1,-0.45165,0.94257,0.61144,0.62219,1.0967,1.0469,1.8684,-0.5928,1.2875,3.3664
-1,-1.4866,0.28958,0.87799,3.7753,-2.4863,2.7204,0.39334,-1.3468,-1.5338,-1.2071
1,-2.3547,-0.66203,-1.3458,3.1951,2.385,0.00060636,0.41093,0.90947,2.1278,1.6453
-1,-5.3619,-2.6319,-1.0445,1.7782,2.0865,-1.4925,0.66276,-0.58855,0.72373,2.4541
-1,-0.86125,4.0788,-1.0469,-0.9453,1.5128,-1.0862,-2.1846,-1.0692,2.3493,-0.21532
-1,-0.47043,1.1891,-1.3424,3.0134,-1.6893,2.6859,2.7419,-4.7828,-1.2064,0.19873
1,2.8783,0.78258,0.27706,-2.1576,0.48649,1.4464,3.5264,-1.0836,-1.1349,1.2815
-1,-1.3764,1.2293,0.22591,-1.9615,-0.27728,0.79364,-1.5016,-0.10195,-3.2055,-0.51672
-1,-2.7137,1.465,-0.41154,2.5746,-1.7582,3.3694,-0.70894,-1.4941,-1.4976,-1.4077
1,-0.28116,-0.24517,-4.4894,-0.95376,-0.72902,3.4758,1.4788,-1.6879,-1.3337,4.8477
1,1.8419,1.9401,1.5857,-2.1892,-1.547,0.04135,1.7772,-1.0949,-0.16481,0.88701
-1,2.7893,2.5583,-1.0537,-0.36215,-1.3733,-1.1693,-0.57689,-1.0644,-1.9845,-0.4356
-1,-2.6025,1.7954,-0.24958,-0.95812,3.5805,-0.72076,1.7318,-0.83065,-1.0719,-2.1022
1,2.6217,-0.2041,-4.1581,1.7187,-0.72997,3.5196,2.4439,-3.7887,1.617,2.7227
-1,-2.5417,2.7707,-0.36379,2.7577,0.22464,-2.3517,1.1671,0.58967,-0.97742,-0.57133
-1,-2.2842,1.14,3.181,-1.8,1.2292,-0.14497,-1.4206,0.65675,-2.0126,-1.5653
1,-0.54252,-2.8066,0.061643,0.1215,2.5393,3.7639,2.1436,-0.030497,0.3236,1.3736
1,0.23825,0.63901,-1.3817,-0.89655,2.3426,0.56133,-1.327,0.75372,0.65138,1.2498
-1,0.33849,-2.0558,-3.2525,2.3089,0.18647,-2.8102,-0.76936,-2.6594,1.4077,2.5569
-1,-1.4574,0.27331,2.5886,1.3393,0.06214,-0.45173,1.1042,-0.22863,0.8685,-1.2283
1,-0.34748,2.4111,-3.2573,1.0997,-1.7906,0.44075,-0.39085,2.3705,-0.28132,1.621
-1,-2.4017,-0.60662,-1.3586,0.17736,-0.46501,-3.0028,-1.2892,1.1345,-0.89378,2.225
-1,-1.9072,1.4901,-1.7205,0.70162,-1.731,-0.25095,1.5315,-0.7611,-0.91603,1.7632
1,1.4999,0.14972,-2.431,-0.77345,0.43807,3.1718,-4.3025,2.2859,1.2164,3.4566
1,1.1025,-0.70972,2.376,-0.19988,-1.955,2.2937,0.27086,-0.5328,-0.45134,-1.7717
1,2.3013,-3.4388,1.3977,1.1068,0.54712,1.4034,-3.4971,1.4976,-1.0738,1.5267
-1,-4.7553,1.1011,-4.3168,-0.61189,1.705,1.5123,-0.94626,1.2379,-1.267,-0.25912
1,0.97541,1.2922,-1.3132,-0.44983,-3.4027,-0.2855,-0.57029,2.7837,0.24695,0.99835
1,0.14064,0.45043,-1.201,0.94974,-0.79866,0.64745,3.1947,1.164,0.87107,-1.5274
1,2.6927,-0.1234,-1.6096,-1.3584,2.0679,2.0238,2.2125,-1.8092,-1.4154,-0.59139
-1,-1.5084,-1.0256,-1.6569,-1.1057,0.22096,0.36811,-3.7247,-0.098732,-1.3259,0.21361
-1,1.7616,0.72776,-2.844,-1.1679,-3.4097,-0.058271,-2.0745,0.24315,-1.3154,-0.58225
1,-2.5848,-0.78271,-1.1954,2.3149,1.3541,2.3363,1.4993,2.4893,-0.72851,-1.9847
1,2.6839,-1.2738,1.823,0.70887,1.1986,2.6523,-1.2839,-3.2436,0.89827,-2.0281
-1,-3.4912,-0.43009,3.0704,-2.5714,-0.3127,0.028275,-2.4977,1.0784,-2.9427,1.6446
1,-1.2966,-1.7922,-1.6708,1.0585,-0.19627,1.9794,-0.83957,0.24208,-2.0612,6.1403
1,2.7741,0.3243,-0.10455,1.3596,0.94364,-1.2711,-3.9468,1.3808,-1.5688,1.8782
1,3.21,-1.9369,2.0147,1.0405,1.7001,1.1884,3.5741,-0.15546,1.9193,1.0535
-1,-4.4439,-2.287,-1.9682,2.302,0.38292,-3.6322,-0.41546,-0.62237,-0.33,1.4844
-1,-2.1139,-0.69007,3.19,-0.45983,4.4404,-0.88784,1.4244,0.55641,-1.5449,-1.6573
1,2.4401,-1.8387,-0.63501,-2.4565,1.7314,2.2921,-1.9358,4.6056,-0.56724,-0.45057
1,2.1286,-3.3658,0.45504,1.3641,0.43709,0.76714,1.4917,-0.46029,0.052271,-2.5715
1,0.4499,0.58669,1.905,1.4681,-1.735,1.0346,2.4604,-1.843,1.8542,3.4053
-1,-0.76275,1.0311,0.29986,-0.96686,-0.63708,-1.245,-2.8453,-1.78,-3.1699,0.97239
1,2.9129,-0.75017,-1.3702,0.76539,0.59189,-1.8166,-0.51645,1.5899,1.7161,1.0237
1,-1.18,-2.1902,0.186,0.98212,-0.85302,2.451,1.5404,-0.26252,0.94215,0.72848
-1,-1.8659,-2.1232,2.8336,0.66647,0.15037,-0.63518,-2.2106,1.0431,-0.54469,-1.8792
1,3.7504,0.55167,0.69744,-1.7507,1.1903,-0.257,0.66999,1.1522,2.9227,-2.2167
-1,-2.097,1.965,1.1602,-0.88058,-0.57993,1.313,-0.27211,3.3131,1.323,-3.5309
-1,-0.43936,-0.59846,2.1583,0.18676,-2.7992,-0.32573,3.1056,-0.33688,-1.8216,0.6774
1,3.3139,0.60763,-2.4739,1.9553,4.1902,1.6204,2.1421,-1.1347,-1.1709,-1.8669
-1,-1.0307,-1.2918,1.6677,-0.22427,2.1951,0.62862,-0.0098955,-3.2255,-1.9962,1.8356
1,0.43185,0.038957,0.59775,-1.9139,0.0041828,-1.3583,-1.4549,1.3186,2.0914,1.4829
1,2.8501,-0.078911,-1.5753,-0.090745,-1.3176,-0.93078,0.51914,-0.4212,3.4144,-1.6539
-1,0.90462,-0.85488,-1.1634,-0.63644,0.73012,-3.4793,0.17688,-1.3361,-1.0582,1.9304
1,3.3452,-3.3941,-1.194,0.34248,0.16716,1.2709,0.22483,-1.7887,0.58374,-2.5265
1,-0.92928,2.1775,-0.90623,2.0452,1.4613,0.46669,1.476,0.34696,1.3359,1.2487
-1,-2.6718,1.0581,-2.5298,1.1508,1.9696,-0.28886,-2.2611,-3.1019,1.4515,-3.5038
1,0.49308,-1.0844,-0.34765,-0.81907,-0.50408,3.2855,1.7746,2.0637,1.6066,-0.38022
-1,-1.7438,1.0247,-4.8238,3.2632,0.56981,1.6668,1.1342,-0.84202,-3.4797,1.4217
1,-3.2218,-1.4462,0.3519,-0.25323,-0.12562,3.6998,-0.79639,2.0625,0.79276,2.0415
-1,0.22254,-2.3759,-0.78751,0.72411,-0.35372,-0.77917,-5.935,1.5056,-0.7746,1.0506
-1,0.98103,0.83151,2.3714,2.182,1.6133,-4.1537,-1.3811,1.729,0.70892,-1.4416
1,1.0872,0.37506,-1.133,0.66768,-0.86941,0.70673,1.7545,-0.20723,-1.5851,4.1269
-1,-1.3142,1.1488,0.35444,2.9419,-0.90011,0.11423,2.7433,-0.65942,-1.8746,0.1756
-1,0.54715,1.2455,3.2338,-0.67586,-2.4471,-0.12868,1.6648,-2.6791,-0.7978,-3.6837
1,2.5399,0.74484,2.9851,2.2503,-0.075773,-3.7212,0.14545,-0.66395,0.80925,3.2306
1,7.2357,4.5807,2.7954,-1.4883,-2.5029,-1.904,1.0609,-1.2913,2.8636,-1.2986
-1,1.3519,-1.1759,0.857,0.90132,-0.88635,-2.3608,-1.6776,2.3604,0.67515,-1.6856
-1,1.9369,-1.9299,-1.2917,1.0135,-3.2629,-2.1592,-0.25852,0.95961,-2.1686,-3.5455
-1,0.46287,-0.34949,-1.3768,0.79061,0.33168,1.827,-0.52088,-4.0091,3.364,-3.2253
-1,-0.036053,-0.55745,0.94544,-0.94067,-1.0494,0.5495,3.6718,-3.0373,-1.8098,-0.13614
1,2.6061,1.9073,-2.2191,1.145,1.2056,-1.1992,-3.1207,3.3144,1.1476,0.085648
-1,-1.1902,-1.3409,0.63462,-2.334,1.4728,-0.95684,2.3223,0.60396,-3.342,3.2873
-1,-2.2408,-1.963,-0.47027,-2.1008,0.6092,-2.8398,1.6249,1.1908,-1.4084,1.775
1,3.0338,-1.7305,0.052512,-2.9563,1.9018,3.6859,3.8401,1.1326,-0.95613,-5.4283
-1,-0.5086,1.5021,-0.72902,-1.6304,2.4987,-1.7632,-2.6506,-1.1533,2.4881,1.9028
-1,-1.8698,-3.0539,-2.9737,3.9313,0.25544,-2.3486,1.7328,1.0411,-2.3784,0.097861
-1,-1.0224,0.95785,5.6293,1.6667,1.7743,0.1227,-1.1784,-1.8549,-3.6996,-0.31846
-1,-3.6736,0.88667,1.6772,-1.3976,-0.70406,0.1668,1.9134,-1.9579,0.47798,-0.79246
-1,-4.6349,-3.6805,-3.6654,0.19635,2.2421,-2.0235,-2.006,0.91851,1.7992,-0.62859
1,0.46016,0.054477,-1.9991,-0.44401,-0.1093,2.5117,1.0007,-0.33596,-2.0803,0.87652
-1,-2.9364,-3.8469,1.511,-2.0534,1.0595,0.90743,1.892,-0.72699,1.2037,0.65092
1,4.45,1.7929,-0.99241,-1.2759,0.45622,1.5164,-0.40698,-1.5319,3.3078,-0.041687
-1,-3.6123,-4.3655,0.69493,-0.73765,2.1595,0.34428,0.49685,1.9346,-1.3667,0.15863
-1,0.75218,1.5279,3.7877,0.91092,-1.3114,-0.50961,-1.4766,1.5998,0.12567,-3.5184
1,1.059,0.82341,2.8346,-0.061504,-0.24861,0.98593,1.9571,-1.068,-3.3451,1.7218
-1,-3.1188,0.27493,1.263,0.24848,2.1427,-0.47706,-0.72615,-0.45893,-1.5073,2.1578
1,-0.027804,0.83185,0.071553,3.937,1.5575,-0.021443,3.6115,-0.010722,0.75437,-0.55189
1,0.3678,-1.9107,2.76,1.8455,1.6423,1.3703,1.2662,1.0825,-1.2835,-1.7259
-1,-4.4841,1.1962,-0.35056,-0.92811,1.1575,6.6491,-3.4008,-3.6333,-1.3262,-0.57721
-1,-2.8106,-3.9604,-3.0449,2.3374,-2.3857,-1.4644,-2.6519,2.5518,-2.1442,-0.94014
-1,-4.6227,0.81263,-0.99036,-0.076296,5.7126,-1.9204,3.3125,-0.22589,3.3507,-1.4995
1,4.7972,-3.0556,2.2345,1.4632,-0.96777,1.0186,4.1837,0.038098,2.3008,1.6146
-1,-2.5348,-2.1707,1.0322,-2.6416,-1.1639,-0.0092451,-2.2951,2.2645,0.52661,-1.1203
-1,0.087609,-1.0489,0.1669,3.4518,-4.3353,-3.5865,-0.33753,1.2558,-0.28283,1.0815
-1,-0.3571,-2.1884,-0.35533,1.8944,1.4978,0.44625,-1.6769,0.6552,-0.37003,-1.423
-1,-1.2307,4.3668,2.5899,1.2377,2.5931,0.48805,-2.4115,-1.6898,-4.3387,-0.66535
-1,1.391,-1.2591,-1.0516,0.64668,-1.1414,-2.6081,-1.4356,0.94753,-2.0505,0.88047
1,0.62438,2.0878,0.18785,1.9839,-1.0772,1.9877,0.77135,-3.2606,2.2289,-0.27436
-1,-2.0833,1.2247,0.91808,0.66107,-0.96968,1.3216,-2.6753,-1.2587,3.5174,-0.73677
1,2.5308,0.60679,-1.1038,-0.62979,-0.053716,-1.012,2.9515,-1.7895,-2.145,0.9026
1,0.86475,2.5912,-5.2564,-0.35407,0.72264,-1.8517,-1.1506,1.4107,1.2533,0.56653
-1,-2.9647,1.2691,0.47724,3.3587,1.4013,-2.6168,1.2741,-0.18358,-0.11286,0.082157
-1,-0.51191,-0.83986,-1.5991,-3.4613,1.477,-3.9066,3.5065,-1.2706,-0.43904,-0.87353
1,0.71397,-0.03962,-2.799,-4.6479,-0.47866,-0.28693,2.9365,-0.85366,0.54719,1.2343
-1,-2.8381,1.4717,-0.27781,-2.4187,-0.24687,-0.98427,4.4771,-0.59432,1.3549,2.3384
1,2.7749,-2.9703,-1.3378,-3.3897,-0.15286,1.713,0.59684,-2.1635,3.6552,-1.2186
1,2.8589,0.015235,1.9819,1.5778,6.6084,0.27455,-1.3386,2.5477,-0.63604,-0.80879
-1,-0.52,-0.43163,0.75174,1.7296,-2.2177,1.5296,-1.8338,-1.7615,-6.3519,0.39487
1,1.8019,0.14877,0.17855,-0.021579,1.418,1.5594,0.65018,0.012587,-2.9283,1.3238
-1,-2.7166,-1.1181,-2.0926,1.0703,-2.5873,-0.43096,0.91972,2.0327,-1.3433,0.27158
-1,-1.3488,-2.4894,1.597,0.8174,1.7911,-1.3026,2.1122,-2.3458,0.66146,0.77169
-1,-3.4347,1.5611,3.2312,2.4791,-0.083909,0.55829,-0.67539,-1.8115,-1.2897,0.73071
1,-0.43506,4.3062,0.86626,0.81104,-0.46653,-0.14932,-1.8575,2.5452,-2.0639,-0.77196
1,-1.3099,3.1889,1.773,-0.50767,-0.065249,0.80658,-1.0058,-1.5463,1.7027,0.95857
1,0.90687,2.5121,-2.1828,1.1803,2.3193,2.9244,0.32357,-0.18647,1.4826,-1.532
-1,-4.5967,0.84766,-0.82004,-0.56568,-0.35457,0.34603,0.97227,-2.0569,-0.65144,-1.7956
-1,0.16878,-2.1396,-2.2361,-0.90954,0.023437,-1.9032,-0.34115,-0.95243,1.4822,1.3237
1,2.4878,-3.219,-2.8492,3.927,-1.2648,0.18058,1.2551,-0.16607,-2.9784,-0.14211
-1,-0.98365,3.9026,3.278,0.67962,-1.2115,0.20586,0.47988,-2.162,1.8631,-0.34217
-1,-2.839,-1.9967,2.2353,-0.16229,2.8952,-0.91919,0.16927,-4.1854,0.54027,-3.4358
-1,-2.1091,0.71885,3.2986,-0.31605,-0.0038395,2.3985,0.32615,-0.2005,-0.30048,-1.4204
1,0.91209,-0.50311,0.23526,3.1123,-1.7443,-1.1101,0.87537,0.83625,0.50187,3.5645
-1,-1.8824,-0.47254,-1.1918,-1.6389,-0.76611,3.7827,-1.5202,0.85702,-2.5399,-1.736
-1,1.7914,-1.1106,-0.64089,-1.1712,2.2442,-3.5465,0.44481,-1.3412,0.97741,-3.2564
1,3.5955,-0.81864,4.0787,-1.3444,-1.8988,0.60243,-2.005,0.60508,0.88416,0.84714
-1,0.19874,-0.087788,-1.5127,-1.3245,3.2385,-4.2193,-1.9664,0.61759,0.89522,-1.0056
1,0.56864,-0.5601,1.8535,0.80628,-1.0194,-4.5285,0.82711,4.1143,0.99497,-0.59853
1,3.2812,0.26941,3.4489,0.55862,1.3567,3.3068,1.5517,4.9298,-2.4515,-2.5201
1,2.4236,-0.9767,0.10699,1.9507,0.5801,-0.14819,0.87231,-2.0093,-0.095706,2.5037
1,0.68426,5.3752,2.4224,3.4952,0.44493,-2.4574,-1.3408,3.0345,-1.9992,1.7855
-1,1.229,-1.9794,1.9467,-2.4178,0.36163,-1.7677,0.55229,-0.23826,-2.9536,2.1334
1,2.1862,0.85276,-0.65635,-3.783,-1.7387,0.60067,0.25694,-0.086044,0.29689,2.33
1,1.9202,-3.2629,0.006206,-4.0476,4.0108,3.1566,2.5203,0.59661,1.4578,-0.71249
1,2.0152,-0.74639,-3.1403,1.8131,3.2362,1.144,-5.3609,1.8931,4.5874,-4.1321
1,3.1339,2.1737,-1.9417,-1.2356,-4.645,4.9392,-2.3103,0.049941,-0.74333,0.58128
-1,0.14243,-2.8108,-0.015691,0.0014035,-0.75691,0.58974,-1.4862,-2.4062,-0.68213,-1.3147
-1,-2.6003,1.4282,-0.65697,0.9846,-0.69928,0.84053,1.2571,0.11178,-2.4562,-0.60418
-1,-2.039,0.97291,-0.82928,-1.4474,1.1748,1.8462,-2.3302,-0.042132,1.0605,-0.15442
1,3.7112,-0.5367,1.2041,-2.4216,-1.3956,0.87882,1.3123,0.58865,4.3435,-1.0115
1,-1.1309,2.0673,-1.6419,4.4331,-1.1165,-0.61141,2.2576,-1.5681,1.8742,1.5842
-1,-2.1491,1.668,0.68352,-1.1117,-1.2613,0.038065,0.48674,-1.653,0.63188,-0.24634
-1,-1.6789,-2.0355,-1.1267,-1.6099,2.145,-2.2733,0.26641,1.0411,-1.9377,0.73742
-1,-0.9662,-1.766,-2.9213,-1.8992,3.4311,-3.142,-1.3062,-2.3097,1.5227,-1.8361
1,-0.88738,1.4454,1.8624,-2.1857,-0.3835,0.75656,-0.02152,3.7376,2.5899,2.6662
-1,-4.108,-0.70332,-0.47918,-2.1734,-1.5807,1.451,-2.7942,2.3409,3.3266,0.026404
1,3.5959,3.214,0.1576,-0.80026,1.7042,-1.3289,-0.35265,2.4012,-2.0211,-1.3949
-1,1.7556,-3.6758,1.8614,-0.19056,-0.29579,-0.30776,-0.77544,-0.11137,-0.92525,-1.5775
1,2.0191,-0.0066921,0.91397,1.1301,-0.34595,-0.71778,0.86196,-0.60639,1.0372,-2.1785
-1,0.058086,0.23863,2.7589,3.4962,-0.45306,-1.3439,-2.0907,-1.1504,0.0051547,-2.4929
-1,-0.95425,1.1025,2.8498,1.9639,-1.2697,-3.9982,-0.79657,0.69858,0.10024,-1.2103
-1,-1.1262,0.88614,2.7698,1.2535,-4.3811,-1.6824,-2.1559,-1.8155,2.7716,0.7259
-1,0.047899,-0.23875,-3.7999,-0.58914,-1.2198,-0.32701,-1.5924,1.324,-0.65357,0.503
1,1.1568,0.065488,0.060914,1.825,1.8586,-2.5287,-2.5437,2.7182,-0.55476,0.33537
-1,0.46015,-0.48587,0.26237,-0.78379,2.1563,1.14,-1.5164,1.327,-2.6234,-2.3321
-1,-2.4036,-0.41201,0.99848,1.8507,-1.1482,-1.6105,0.34894,1.2803,-2.2769,-0.8271
1,0.16276,-0.88918,-0.47276,-1.0453,3.2734,-3.6371,0.20485,3.559,-0.70014,0.41073
-1,-4.0421,-3.2472,-2.948,3.1337,1.5452,-1.0458,0.52094,3.8061,-1.7307,0.95534
-1,1.627,-2.4513,-2.4511,0.6904,1.2147,-2.8598,2.1484,-0.84914,-3.6761,0.45186
1,2.5873,-0.52989,2.8112,1.5014,-2.7143,-1.6931,-0.090853,2.3898,1.0207,-2.7951
-1,2.7593,0.38541,1.7333,-1.1714,-2.0251,-1.9484,2.1741,-4.058,0.047036,-1.1613
-1,-0.89841,-1.148,-0.55716,0.48545,-1.4342,-1.8801,-2.978,-2.1501,2.6835,-0.90071
-1,-3.1723,-1.7717,0.61161,-0.22516,0.13401,-0.70492,2.66,-1.4262,-1.6001,-3.7102
1,-0.31064,-0.67214,1.0808,-1.113,-2.3252,-3.9466,5.7036,0.76342,4.0962,0.82145
1,-2.9292,1.9909,-0.84128,2.4318,2.0596,1.3346,0.7042,-0.40823,3.6721,-0.26555
-1,-2.4444,-2.5279,0.28978,-1.6401,-3.2227,-0.67531,1.2811,1.9285,-0.15902,-1.4599
-1,-0.99394,-2.9653,0.43968,-1.5427,-1.2743,-0.95084,-0.5475,0.74288,-0.10433,2.4384
-1,-0.77855,1.0944,-2.2503,-2.4054,-3.8262,-1.0709,-0.11372,-0.51388,0.70624,0.55075
1,-2.1367,3.2207,2.1477,1.4138,-0.755,2.8906,1.3559,2.323,-1.4967,2.423
-1,-0.38627,-1.4314,-2.0208,-1.4455,-3.2164,-1.2158,-1.9196,1.7942,3.0476,-1.0587
-1,-0.27558,-1.8667,2.0745,-2.7323,2.7448,1.2925,-3.8176,-1.0987,-0.81551,1.0502
-1,2.4785,-0.13665,-1.1457,-5.1873,-1.2242,2.2313,-1.476,1.1757,0.75976,-3.0744
-1,-0.47833,1.6858,0.96357,1.2766,0.1009,-1.8662,0.9449,0.37044,-0.56495,-3.0804
-1,0.047567,-1.7105,3.2374,0.91447,3.616,0.2126,-0.56952,-1.1732,-1.152,-0.7924
-1,2.7967,-2.307,1.4416,-0.21823,2.9854,-2.7284,0.62009,-2.0515,-1.0611,-0.064351
-1,-0.99277,0.72938,0.031796,0.64824,-2.9095,-0.70581,-1.0461,-0.068299,-0.13129,1.6212
-1,0.24177,2.4259,2.3133,-2.831,-2.3231,-1.6331,0.34935,-2.4175,0.46955,0.77995
-1,-0.29549,-0.84133,3.3043,-0.55493,1.4129,-1.0868,2.4166,-3.8195,-1.0216,0.0069633
-1,-3.9854,6.1835,-0.44034,4.4333,1.3055,-0.20909,-2.96,-1.0621,0.47985,-4.0566
-1,-1.1381,1.1683,1.5685,-0.24645,-2.4329,-2.6706,0.10109,0.30752,3.5739,0.90724
-1,0.075304,0.21321,-0.50615,-1.2574,1.8801,-0.36074,0.51215,0.66709,-1.7535,-2.0369
-1,-1.0934,-4.3492,1.183,1.5865,2.6675,-3.189,2.337,-2.9646,-1.2992,-0.44125
-1,-3.3989,1.0531,0.0072145,-0.17767,-2.9828,0.98265,-0.8365,2.9215,2.7716,-0.25659
1,0.37197,2.3746,2.6483,0.20524,4.6643,1.6684,2.6059,-0.92357,-2.8654,2.1602
1,1.2251,1.4316,-1.6448,-1.2226,2.2037,-0.82081,3.0892,-1.5689,3.8942,-3.4689
-1,-4.8754,0.41947,3.6466,2.0553,2.2316,-0.44375,0.39008,0.58286,-2.4704,3.2416
1,-0.75924,0.93197,-0.6959,3.7122,3.0581,1.439,-0.78664,-2.5561,0.60272,2.2675
1,-0.27016,-2.915,4.04,-2.5048,3.1876,1.5284,0.51599,0.22921,0.81539,-0.83501
1,1.0521,1.0868,1.8317,-2.1439,0.47562,-0.26308,3.8422,-3.5285,1.3134,-1.1489
1,-2.1058,2.623,1.8997,1.7637,4.4058,1.3592,-2.4141,-0.044447,-2.0465,0.66238
1,-0.18244,1.1084,1.5731,3.2421,-1.1016,1.3418,-2.2414,2.1043,1.9417,-1.5125
1,0.005621,3.7874,-2.8801,0.63189,-1.9879,-1.733,1.7198,1.0677,2.0707,2.7932
-1,-2.5655,-1.5828,-1.9303,0.32779,3.0034,0.24169,-0.71552,0.27867,-2.6999,-1.5919
-1,0.12455,-2.1976,-2.4676,4.4206,1.2767,-1.8802,-1.8651,-0.78386,-1.6888,-2.3535
1,3.3035,1.2957,0.29586,0.46273,-1.9534,-1.329,0.30453,-1.7887,2.1313,-2.8516
1,1.3269,-1.1693,2.5228,0.96048,-1.5268,-0.21907,0.21979,1.662,-1.4139,1.2293
1,-0.69066,1.4787,1.914,3.8285,-1.7634,-1.2096,3.9219,-1.49,-0.00023855,-0.42884
1,2.2094,0.96544,-5.0066,2.5851,-2.8808,0.26922,0.66644,0.99085,2.912,-3.4596
1,1.1993,1.3746,3.4506,-1.0612,-1.7209,-1.2836,-0.68944,2.1485,-0.22394,-0.99571
1,-0.09697,-1.4664,-0.13695,1.8476,-1.4716,-1.9194,1.3833,-0.68941,0.65164,2.8888
-1,0.56713,-3.1059,-3.9852,-2.1115,0.44371,-1.6855,-2.0222,-0.0038045,0.30031,3.7277
-1,0.31142,-0.60284,-0.24297,-4.6077,-0.47012,-1.4992,-0.14751,1.6545,0.57038,-3.9952
-1,-2.716,-5.7689,-1.0727,-3.1013,-1.1571,-1.969,-1.5023,1.9601,3.1092,3.6805
1,4.2558,-2.0841,-0.63638,4.5485,0.75148,-4.0079,-0.04223,-1.6644,3.432,3.0757
-1,0.97812,-2.6382,2.089,1.365,-1.2835,-1.3745,1.7125,-2.5711,-3.2218,-2.4763
1,-0.58612,1.0012,-4.0626,-0.0071729,-2.5171,1.1403,0.42031,0.42973,1.8703,0.083103
-1,-2.0967,1.2151,2.9445,-1.0534,-3.2348,-0.97275,5.0602,-0.6333,-2.0555,-1.3626
-1,-1.5631,-1.9687,0.71514,1.5578,-2.5179,-2.1914,2.887,1.7151,-0.37466,-1.7157
1,-0.34066,0.56187,1.2241,-2.5541,2.9684,-1.2445,3.0364,1.0905,0.011017,-0.74105
-1,-1.206,-3.8466,-2.4003,1.7137,2.4164,-0.10648,-1.1397,0.98013,1.8143,-2.758
1,1.7082,0.26147,0.069674,0.12075,-0.56652,-0.41977,1.6618,0.64112,2.4245,0.25578
-1,-2.7898,1.2233,-1.0814,-2.3924,-0.74251,2.2129,-2.6668,1.2131,-0.81673,-0.70927
-1,-1.5957,-0.80518,2.1612,-0.78645,-0.24321,-2.5001,-2.0647,-0.42847,1.0039,0.081703
-1,-1.3798,-0.43426,1.7237,-0.42134,2.983,-1.8111,-2.8941,0.56952,-0.80466,-0.17949
1,0.19741,3.1883,-2.1228,0.52003,2.0634,-1.5304,-0.080183,2.391,-1.9798,0.75209
-1,-0.90303,0.59515,1.4398,4.0472,-3.1025,0.47684,-0.46006,-0.56082,-0.77635,-2.5858
-1,0.02319,1.0501,-0.33814,5.1554,-3.2571,0.17409,2.9077,-2.5249,-3.1322,0.27723
-1,-1.2707,-1.5546,-2.6208,1.0177,-2.8638,-0.35871,-2.897,-0.24649,-1.8714,2.4676
1,-0.26183,1.8237,-1.7234,1.5155,3.4908,-3.9591,-0.67006,0.10047,-2.16,4.1839
-1,-0.31637,3.6935,-1.9877,-0.47307,-1.0678,-4.7881,-1.5943,-0.82556,0.18214,-3.0981
1,0.1996,1.3292,0.66642,0.022326,0.78604,1.1899,-0.8525,0.38162,2.3396,-2.7237
1,1.9309,0.78883,3.8677,1.0183,0.7679,-1.1974,3.6272,-1.2472,-1.2204,-0.5986
1,0.08641,-2.2005,0.29009,-0.7531,3.5392,-0.75032,-0.67504,2.2811,-0.74653,1.6411
1,0.044754,-2.6563,-0.98928,-0.056452,0.87145,3.7612,0.56485,1.9762,-1.6655,-2.0248
1,-1.0984,0.20775,0.62377,-2.3173,-1.0467,4.4065,1.0789,1.8228,-2.6829,-0.14796
-1,-3.1198,-0.16127,0.37729,2.8686,-0.60408,1.7132,-1.7675,-2.9831,2.6902,1.1024
1,1.9341,0.6086,-2.971,1.3132,0.031053,0.4814,0.21991,-2.3181,1.6115,-1.3185
-1,-0.24685,-2.3142,-1.5448,-5.1674,0.86215,-0.61418,0.84322,-2.2214,-1.0652,-1.89
1,-1.2614,-0.10088,0.28294,0.37459,3.0052,2.2735,0.046741,0.016963,0.57767,0.34073
1,1.9811,2.7457,0.69822,1.2145,-0.42699,-4.2366,0.22379,-3.9354,-0.90349,4.0553
1,2.1856,-2.6372,-0.86523,-0.29944,-2.1912,0.083282,0.39387,-1.2422,-0.67827,0.94217
1,1.3759,0.16449,-0.76403,1.7331,-0.43156,0.16602,1.3041,1.1552,1.4477,-0.53907
1,3.4447,-0.12651,-0.26424,-0.091804,-2.0564,-0.57584,1.0091,1.9354,-3.0954,-0.25403
-1,-2.7302,-4.6681,2.6333,1.914,-0.23491,3.5534,-0.010379,0.99054,1.1653,-0.795
-1,-3.4544,1.2555,-0.14313,-2.64,-1.2811,0.7091,-2.3895,-1.5881,0.35041,0.40887
-1,-1.3738,-0.28941,1.2395,-2.7,0.39644,0.37772,-1.2098,-0.73792,-0.58195,-0.55249
-1,-1.2047,0.92585,1.3619,-1.6331,1.3112,-3.1585,-0.48167,0.63887,-2.1378,1.9344
1,-1.3434,-2.7694,3.019,1.3011,1.7915,7.2328,-3.0001,1.2882,0.070056,2.5629
1,2.7687,2.5118,0.75359,-2.3554,-1.6085,0.76357,2.0502,3.5848,-4.2127,-2.2934
1,-0.22057,2.8258,-2.0658,1.6281,-0.258,3.6462,1.0395,-0.6678,-0.36274,1.8529
1,1.8699,0.55783,3.5482,-1.1947,3.9758,-1.7135,-0.85831,3.1069,0.028495,-1.0426
-1,0.37529,-1.4131,2.221,-2.0869,-2.367,0.19778,0.81801,-0.10328,0.56492,-1.0418
1,0.38863,-1.3895,4.8127,-0.48976,-1.5653,0.56645,1.2335,1.9866,1.0243,4.3266
1,-0.61386,3.9664,2.6906,1.5814,-1.6908,-0.9433,0.074506,1.8418,0.36979,0.94379
-1,-0.75562,0.51936,-1.7689,-0.71338,2.5964,0.94367,-3.7164,1.1513,-1.1579,-0.27773
1,2.678,2.3491,-2.2099,2.414,-5.0214,0.50285,1.1521,-2.9686,3.5471,0.98655
-1,-2.831,-2.9209,-0.6095,3.8157,0.054657,-1.8982,-2.1898,-1.9971,-1.5897,1.7844
1,1.0235,-1.8161,-1.0789,0.82889,-0.2959,-2.6456,-0.55013,-0.41882,-0.021261,2.2236
1,4.5665,1.6022,1.4683,2.1263,-2.831,1.7468,-0.50169,0.32338,-3.1126,3.2614
1,-0.075989,-0.77178,0.12285,2.2166,1.558,2.3633,2.3697,0.38319,-0.33443,1.8022
-1,-0.64958,-0.6683,1.4347,1.2659,0.74508,-0.53313,-1.4811,-0.34728,1.5541,-5.4633
-1,-3.1014,2.6351,-0.8773,-1.518,2.0568,-3.0916,-1.449,0.45803,-1.042,0.76381
-1,0.92595,-1.0896,-4.2091,-1.1421,-3.5005,-1.4498,-2.6407,0.20137,0.94843,-0.3396
1,-0.070805,1.4732,-1.2418,2.2767,-0.88728,0.81709,-0.1703,-1.2296,-0.16954,0.9248
1,-0.82659,-2.1631,0.14477,-0.17609,-1.0244,-1.7008,0.0321,1.0031,5.6246,2.1806
-1,4.3011,-0.42783,0.35714,1.1192,-1.6359,-2.5727,-2.7833,-2.5184,-0.98629,-1.125
-1,1.1507,-0.23038,-2.4111,-2.736,0.70663,-3.0598,-0.013313,1.8585,-1.7819,2.0405
-1,0.97876,-0.93922,-0.73497,2.3597,-0.63587,-3.5722,-4.1369,1.0171,0.2412,-1.552
1,-0.53894,-0.48856,1.8034,2.1639,-0.23198,-1.9256,0.38491,3.2252,0.0031817,-0.23478
-1,-0.21561,-2.7342,0.060812,0.67408,-5.8674,-3.2671,0.63263,-0.37333,-0.40287,0.14322
-1,-2.326,0.1861,1.4899,-2.4271,0.761,-1.3439,1.2416,1.382,2.4688,1.2865
1,-0.40501,1.1871,0.77323,-0.17236,1.8201,1.9288,-1.7984,0.40381,0.0040962,3.4066
-1,-2.2199,-1.1384,-3.7697,-3.5203,4.6757,0.2726,2.7116,-1.0951,0.10364,-2.3808
-1,-4.5266,4.0362,0.25521,-1.551,-0.15215,3.4293,0.19359,3.3336,-0.44805,-1.5695
1,2.9438,-4.0062,1.6453,2.8873,-0.13066,1.6381,3.6383,-0.50513,0.19272,0.16876
1,-1.1533,4.9486,-0.30781,2.9338,-0.12067,-0.32416,0.72459,1.2975,-1.9156,2.2405
1,1.1646,-0.25146,1.3081,-0.83815,1.4379,-3.2173,0.37845,0.31872,1.2745,3.0759
-1,-0.73757,1.8998,-0.46676,-0.72898,-0.62673,0.52439,-3.0761,-0.83115,-0.93216,-3.857
1,2.4648,-1.1682,-0.9849,3.4751,0.57509,-0.57416,-1.1657,3.2254,-2.4293,-0.44855
-1,0.28355,-1.5885,0.42234,-1.6251,0.68126,-0.19266,1.5761,0.18634,-1.9708,-0.2811
-1,-0.38563,2.8256,0.74005,-0.39775,-1.202,0.21872,-2.3375,-4.0339,1.466,-0.14579
1,4.0935,3.9434,2.2838,-0.9152,-0.3372,2.2904,1.9839,-1.7652,0.1759,0.22982
-1,-2.0067,2.2804,-3.6406,-2.4316,-0.20368,0.19655,-2.3868,2.1104,-0.47455,-1.7989
-1,0.16912,-1.0419,-3.8162,-4.0612,0.41957,-1.2037,-2.9377,1.3259,0.79921,-1.8306
1,2.2759,-1.269,-0.18137,-0.56069,0.69209,2.4914,0.62823,0.54626,0.27996,-1.5446
-1,-0.52412,-2.4262,1.9727,-0.40454,-2.5073,1.4563,0.57914,1.1289,0.27843,-2.0564
-1,-3.1062,-0.9017,1.6712,-2.3052,0.89252,1.5425,0.67295,2.1279,1.1382,-0.18134
-1,-2.3149,-4.5487,-0.17183,-2.3299,0.84048,2.5683,-0.34227,-2.3794,-3.4276,-0.053227
-1,-0.58738,1.6493,-0.63103,1.4933,0.81097,2.5374,1.256,-2.256,0.55619,-3.7429
-1,-1.9522,-1.1574,-1.6881,0.61242,-2.3274,4.3693,1.3696,1.7615,2.3555,-5.941
1,-0.96173,0.059024,1.2062,3.7693,0.72918,0.24742,2.6165,0.53468,-0.44877,-1.9373
-1,-3.4472,-1.1176,-1.1819,-0.97751,0.08265,2.2254,-1.3805,-2.8307,-0.16232,-1.6448
1,3.3313,2.1575,5.2,-1.8852,1.261,0.94281,-1.1045,1.9476,-0.39804,-1.8555
-1,0.54901,-1.7188,-1.4211,-0.29635,-0.039493,-1.4593,-3.0224,0.69894,2.8519,0.5942
-1,-1.9691,1.7943,-0.58069,3.089,0.65265,-2.7872,-1.1065,2.8338,2.4752,-1.2268
1,0.46819,-0.82621,-2.8254,-3.2586,3.838,0.49849,1.2913,-1.9261,2.5251,-0.52287
-1,-1.7824,-3.1356,-1.1152,-0.016893,2.3581,-1.0484,-2.9521,1.1836,-0.68115,0.042917
1,1.6552,-0.13942,0.80811,-0.41863,2.0162,-0.75114,-5.7497,-0.12361,-0.59291,3.6727
1,3.4961,-0.86126,3.4054,1.9968,1.8109,0.22121,-0.76204,-0.72494,0.85964,1.09
1,0.76892,1.1217,-1.8202,-2.3139,-1.0411,-1.6057,1.4184,-1.6368,1.1555,3.3964
-1,-1.7676,1.1634,-0.10205,-0.66626,1.8891,0.027985,-0.16456,1.993,-0.31799,-1.6017
1,0.91312,2.9111,0.46343,-0.7607,-4.3905,3.8938,3.363,2.0803,2.2421,-1.5926
1,0.48086,-0.00044596,2.3478,-0.66202,1.4095,0.52586,3.1938,1.4664,1.9307,1.7189
1,-0.2512,2.5229,3.2427,-1.0841,1.8103,-1.5752,-2.0968,-0.84693,1.4604,3.0223
1,0.012014,-0.98342,1.1496,-0.74594,-0.12028,0.73762,2.0219,1.0904,-1.5779,2.7931
1,0.36011,1.5138,-0.81999,-0.638,-3.1063,-0.32016,4.4304,0.72072,4.5972,0.8444
1,0.034627,-1.1308,1.3913,-0.3304,-2.575,0.86946,4.082,0.40888,-0.2564,1.5204
-1,-5.0454,-0.59414,-4.0059,-5.2557,1.4228,0.022376,0.2063,-0.38248,1.0112,0.68722
1,1.8886,0.69914,-0.30017,1.6165,1.4068,0.18583,0.8882,2.2559,1.0487,-1.2888
1,0.36007,0.64378,3.8674,0.95915,3.0995,-3.2441,-0.78068,-0.47923,1.585,-0.2036
-1,-0.83191,2.5057,2.5642,-1.42,1.3683,0.18932,0.95677,-2.1446,-1.0125,-1.2228
1,-1.9992,1.9147,0.74806,2.28,0.25187,3.7731,-0.83873,1.0706,3.5525,-3.8609
1,4.0574,1.3918,-2.7466,2.7076,0.85765,-0.54514,0.46421,2.2441,-1.919,1.0601
1,-2.1335,4.4448,1.2774,0.048987,0.026885,-0.45479,1.4308,1.8098,1.8381,3.4481
-1,-2.4681,-0.55569,0.22759,-2.5078,1.3448,-0.75412,-1.7229,3.0482,-1.4904,-4.6397
-1,0.88618,1.1658,-1.0959,-2.0033,2.9484,-3.8295,-2.7704,-4.9364,0.32858,-1.1057
-1,0.33087,-0.47522,0.11126,-1.6716,2.3877,-0.40071,1.3487,-2.4774,1.4978,-1.1036
1,3.8608,-2.067,-3.1053,-2.0252,-1.3593,0.61209,0.60391,1.5371,-2.1601,-0.85997
-1,0.99072,0.73149,-0.23582,2.2079,-2.5949,-3.0258,2.0862,-3.0478,-2.5448,1.1673
1,0.5689,-0.18267,3.0275,-1.0589,0.71386,7.1711,-2.5562,1.0893,1.3713,-1.8375
1,0.74744,-1.3928,0.91836,0.73977,-1.9323,3.4069,-3.1858,0.21859,-1.5536,2.1606
-1,0.94195,-0.23816,0.99776,-0.95379,-1.9283,1.1877,-1.022,0.081264,0.64609,-2.7756
1,2.8297,-1.449,-2.8924,0.48158,-1.2031,2.0585,3.0269,-0.75621,2.3146,0.053978
-1,-2.6915,-0.55238,-2.9807,3.7775,-0.9559,-1.7234,0.0088687,-0.40402,1.8428,0.0082169
-1,-3.8148,4.2593,4.4006,2.8062,-2.9168,-1.7071,0.55852,-3.4076,-2.0733,-0.88866
1,0.87121,0.77022,1.5825,1.7501,-1.3375,-3.0933,-0.48804,2.6541,-0.50473,2.2288
1,-2.4989,2.2049,1.4879,2.4414,1.1483,2.6432,-0.79998,-1.8557,2.1874,3.6301
-1,-1.3728,-0.77055,-1.5577,-0.30241,3.1366,-2.8419,0.071131,-1.2942,-1.5169,-0.53601
1,-0.5503,0.064569,-1.7685,-1.1624,0.56277,1.4875,1.6425,1.758,1.2847,-0.33375
1,-2.6758,2.3559,0.36461,-0.60901,-0.89516,0.04863,1.4806,3.6964,2.6862,0.3874
-1,0.11679,0.061309,0.81634,-1.0279,0.17181,-1.1127,-1.1269,-1.2588,1.5433,1.3383
1,-0.33905,2.247,0.0072151,0.46884,1.2693,-0.93507,-1.3765,2.2798,-0.022806,0.75333
-1,1.8444,-1.3185,-1.2833,0.41254,-0.8899,-2.6608,1.9653,-0.915,2.1475,-2.2148
-1,-0.47577,0.25811,-1.1636,2.2179,-1.1924,-4.3762,2.0179,-4.6725,-1.8008,-1.3468
-1,0.14365,-1.0835,1.6469,0.017669,-1.6045,0.9451,-0.99994,0.10296,-0.1704,-0.69201
1,4.5561,-1.7526,-0.1888,0.15341,1.7712,-0.37378,1.7967,-2.3607,3.3851,0.59269
-1,-0.27045,-2.94,-2.4919,-1.1189,-4.7482,-0.12349,-2.1333,2.3787,3.6893,-1.2096
-1,0.41607,-0.59682,-2.94,1.224,-2.0171,-4.6167,0.46548,-0.95947,-0.75581,-3.1472
1,0.46139,-0.78781,-1.0613,-1.4264,1.1954,3.1594,-3.4603,0.92596,-0.40871,-0.41517
1,1.6104,0.0035479,-0.70097,2.2333,-0.50078,-0.49356,4.2423,-1.5785,-0.84032,2.0377
1,2.3531,-0.89541,-2.4097,2.1151,0.82524,1.0993,-1.0036,2.2668,-1.5957,0.91482
1,-0.40522,-1.5228,2.6155,1.5036,2.7742,1.0568,2.6746,1.1947,-0.4355,-0.98428
1,1.2449,1.5321,1.7797,-2.4808,-1.9026,3.236,0.75077,0.72641,0.45252,2.7475
1,2.4911,1.4282,0.34716,-0.87496,-0.52105,-1.656,-3.4238,2.5755,0.67242,-1.8105
1,-0.35477,3.6346,0.3133,6.4694,0.96128,1.4551,2.628,1.9633,0.33061,0.89113
-1,-4.1658,0.24086,1.6756,-0.4447,-0.86721,-3.4084,1.3023,-0.39796,3.4461,0.15739
1,-0.27468,-4.0684,-1.326,0.67777,-1.9147,0.78129,1.3359,-1.2613,1.3542,3.2015
-1,0.87947,-0.57218,-1.7343,1.435,-1.5625,-1.1305,-0.63501,1.291,-3.1361,1.0416
1,1.5622,-1.0911,-1.9892,1.403,-3.6088,-1.3053,1.3846,-0.76262,0.42825,2.1952
1,0.39502,0.53267,-0.46827,3.1496,2.8648,-2.4827,-1.3126,0.38875,0.071161,5.0136
1,1.4102,-1.6419,-3.2875,2.0843,0.44634,1.904,-1.3454,-1.4114,1.7195,-1.0216
1,0.19004,-1.2048,2.9867,0.26938,-1.4108,0.29523,-2.2872,1.336,1.7515,0.8482
-1,-0.80112,4.3493,0.46851,-1.6964,-2.0283,1.1715,0.57916,-4.0945,0.34946,2.676
1,2.5758,4.2389,1.9472,0.37939,1.1785,4.2391,1.878,-1.2406,-3.7249,-0.98213
1,2.0851,-4.4263,-3.1764,-1.6527,1.2789,2.1213,2.024,0.75718,-3.0706,3.5883
1,2.0492,1.9626,1.2262,1.3256,0.80022,2.0739,-0.59522,1.5925,3.3298,-2.8372
1,-0.89118,-0.86277,-2.383,-0.80675,-0.57661,-0.095393,0.33174,5.3227,2.8992,0.068558
-1,-0.6883,1.8502,-2.9141,-2.1394,-1.2962,0.96466,0.24843,0.32757,-0.99187,-1.573
-1,-2.3431,-2.6349,2.3963,2.731,2.1135,-1.3783,0.80889,-1.97,-0.49433,-1.0238
-1,-0.40935,-2.6953,-0.74886,-0.13181,-1.6758,2.9242,-3.2116,-3.5576,3.1479,0.94417
-1,-1.359,0.080198,0.50498,0.79375,0.52612,0.1111,0.854,-1.911,-1.4905,0.58806
1,0.59524,0.10691,3.4842,2.0868,1.8733,1.5944,-2.421,2.5882,-1.5665,0.4578
1,-0.16288,-2.9362,-2.133,0.96007,1.6393,1.9122,2.7407,2.2791,-0.70279,-1.0928
1,4.8176,-0.37821,-2.3847,-4.2337,1.2256,2.2491,1.3556,-0.08587,-1.3703,-0.24416
1,2.025,3.0058,1.6011,1.8317,-0.1987,0.11781,-1.0288,-0.093885,0.92609,3.5924
1,1.248,3.1435,-1.2354,1.57,2.6102,1.6085,1.664,0.25783,-3.4411,0.46429
-1,-2.0824,0.16445,1.31,-1.5071,1.8033,1.097,-1.905,1.605,-1.3072,-3.9221
-1,-0.92178,0.28099,-0.67647,0.10999,2.608,-0.34977,-0.20318,-0.41882,-2.1896,-0.13416
1,1.6413,-0.6822,-1.5058,-0.88384,1.3589,-0.13543,1.1607,-0.75536,-0.73586,0.21979
-1,0.5029,0.19659,-1.9244,0.52372,-0.3033,-1.6364,2.4249,-2.8043,-1.7395,2.0574
1,1.2046,0.10775,-0.038648,1.6893,3.2619,-0.28659,2.2036,0.69944,-2.9128,-0.42582
-1,-0.69433,-1.5388,-0.21167,0.11373,2.3227,-1.5544,0.77215,-2.6418,1.4459,0.20401
1,-1.3969,-1.4946,2.5496,2.2657,2.5037,-0.9462,1.3338,-0.19492,1.1368,1.5846
-1,4.1849,0.024371,-0.38652,-2.1428,-0.52764,1.3899,-0.99512,0.34934,-5.098,-3.3506
1,0.85859,2.7665,-1.3143,0.71778,-4.5191,-3.245,1.4245,1.0039,3.9368,3.4167
1,-2.0262,-1.4281,1.2063,0.12333,0.90194,0.82145,0.3058,0.89919,1.1314,1.6504
-1,-2.135,-0.85525,1.6303,1.7416,1.4977,-2.5494,1.3629,-0.20118,0.40148,1.4536
-1,0.86556,-1.2421,2.7541,-2.7513,-1.9427,-0.33095,1.2549,-3.7051,-4.9092,3.133
1,-0.65008,-1.772,3.2681,3.8036,1.6418,1.672,1.0063,1.1514,-0.64469,-0.011672
-1,-0.25337,0.3393,0.93718,0.058367,-1.6651,-0.56711,-0.56859,-1.6308,-0.32309,-0.92755
1,-1.9724,2.8173,0.19095,-3.7137,0.60371,-0.1496,0.8302,1.503,-2.2496,4.0466
1,0.97373,-2.43,-1.4391,-0.41587,2.2573,2.8789,0.41434,0.86267,-2.0851,0.65765
-1,-5.1289,0.30264,2.6588,-2.2629,-0.19609,-1.6404,0.49082,-0.27461,-1.4084,4.2064
-1,-0.99164,-3.9942,-0.67269,-1.8292,-1.7506,2.8951,-3.4065,-1.0953,-1.4767,-5.3161
1,2.1955,3.8166,0.42907,-1.4582,1.724,0.37117,-0.22128,1.9971,-4.136,1.651
1,2.5656,1.3437,2.9949,0.24856,2.4152,-0.92128,-0.40287,2.9886,0.56656,0.023396
-1,0.82527,-0.017041,0.97988,-2.7526,-2.61,-6.4087,2.3421,-0.052503,0.12029,-2.3972
